(380, 1, 1)
(565, 2, 1)
(621, 2, 1)
(739, 2, 1)
(4923, 11, 1)
(5177, 11, 1)
(5192, 11, 1)
(5284, 11, 1)
(5521, 12, 1)
(5543, 12, 1)
(5631, 12, 1)
(5807, 12, 1)
(5813, 12, 1)
(5846, 12, 1)
(60482, 125, 1)
(60608, 125, 1)
(60648, 125, 1)
(60955, 126, 1)
(61059, 126, 1)
(61187, 126, 1)
(61215, 126, 1)
(64310, 133, 1)
(64380, 133, 1)
(64456, 133, 1)
(64467, 133, 1)
(64699, 133, 1)
(64866, 134, 1)
(64998, 134, 1)
(65097, 134, 1)
(65189, 134, 1)
(78534, 162, 1)
(78554, 162, 1)
(78603, 162, 1)
(78611, 162, 1)
(78746, 162, 1)
(78977, 162, 1)
(79061, 163, 1)
(79088, 163, 1)
(79117, 163, 1)
(79140, 163, 1)
(79162, 163, 1)
(79175, 163, 1)
(79163, 163, 1)
(79586, 164, 1)
(79638, 164, 1)
(79661, 164, 1)
(79769, 164, 1)
(79834, 164, 1)
(79863, 164, 1)
(92586, 191, 1)
(92600, 191, 1)
(92646, 191, 1)
(92798, 191, 1)
(92796, 191, 1)
(92849, 191, 1)
(93094, 192, 1)
(93437, 192, 1)
(93491, 192, 1)
(97532, 201, 1)
(97555, 201, 1)
(97575, 201, 1)
(97589, 201, 1)
(97605, 201, 1)
(97741, 201, 1)
(97835, 201, 1)
(98009, 202, 1)
(98137, 202, 1)
(98143, 202, 1)
(98258, 202, 1)
(104412, 215, 1)
(104454, 215, 1)
(104493, 215, 1)
(104811, 216, 1)
(104903, 216, 1)
(105024, 216, 1)
(105060, 216, 1)
(105086, 216, 1)
(105172, 216, 1)
(111159, 229, 1)
(111154, 229, 1)
(111241, 229, 1)
(111344, 229, 1)
(111450, 229, 1)
(111555, 229, 1)
(111582, 229, 1)
(111764, 230, 1)
(111846, 230, 1)
(111943, 230, 1)
(112787, 232, 1)
(112822, 232, 1)
(112836, 232, 1)
(113164, 233, 1)
(113221, 233, 1)
(113229, 233, 1)
(113345, 233, 1)
(113500, 233, 1)
(113562, 233, 1)
(113623, 234, 1)
(113879, 234, 1)
(113925, 234, 1)
(114041, 234, 1)
(139513, 287, 1)
(139567, 287, 1)
(139830, 287, 1)
(139968, 288, 1)
(140027, 288, 1)
(140197, 288, 1)
(140305, 288, 1)
(140331, 288, 1)
(140707, 289, 1)
(140767, 289, 1)
(140801, 289, 1)
(230898, 475, 1)
(231213, 475, 1)
(231229, 475, 1)
(231294, 475, 1)
(231612, 476, 1)
(232021, 477, 1)
(232047, 477, 1)
(232597, 478, 1)
(3935, 9, 1)
(4000, 9, 1)
(4065, 9, 1)
(4116, 9, 1)
(4154, 9, 1)
(4211, 9, 1)
(4360, 9, 1)
(4761, 10, 1)
(4827, 10, 1)
(4891, 10, 1)
(21792, 45, 1)
(21779, 45, 1)
(22005, 45, 1)
(22269, 46, 1)
(22346, 46, 1)
(114116, 235, 1)
(114151, 235, 1)
(114175, 235, 1)
(114365, 235, 1)
(114450, 235, 1)
(114817, 236, 1)
(114840, 236, 1)
(114850, 236, 1)
(114866, 236, 1)
(220192, 453, 1)
(220382, 453, 1)
(220451, 453, 1)
(220616, 454, 1)
(220673, 454, 1)
(220785, 454, 1)
(220943, 454, 1)
(220975, 454, 1)
(221045, 454, 1)
(221052, 454, 1)
(221057, 454, 1)
(116290, 239, 1)
(116419, 239, 1)
(116455, 239, 1)
(116543, 240, 1)
(116584, 240, 1)
(116733, 240, 1)
(116780, 240, 1)
(117144, 241, 1)
(117224, 241, 1)
(117844, 242, 1)
(117945, 242, 1)
(117971, 242, 1)
(121917, 251, 1)
(122144, 251, 1)
(122207, 251, 1)
(122486, 252, 1)
(126074, 259, 1)
(127627, 263, 1)
(127853, 263, 1)
(127889, 263, 1)
(127898, 263, 1)
(128258, 264, 1)
(128256, 264, 1)
(128539, 264, 1)
(129585, 267, 1)
(129659, 267, 1)
(129716, 267, 1)
(129777, 267, 1)
(129850, 267, 1)
(129959, 267, 1)
(129998, 267, 1)
(130100, 268, 1)
(130137, 268, 1)
(130138, 268, 1)
(130186, 268, 1)
(130221, 268, 1)
(130245, 268, 1)
(145247, 299, 1)
(145619, 299, 1)
(145845, 300, 1)
(146037, 300, 1)
(146153, 300, 1)
(146418, 301, 1)
(146448, 301, 1)
(146513, 301, 1)
(146907, 302, 1)
(147010, 302, 1)
(147120, 302, 1)
(147221, 303, 1)
(147238, 303, 1)
(147378, 303, 1)
(147401, 303, 1)
(147562, 303, 1)
(147568, 303, 1)
(147635, 303, 1)
(147675, 303, 1)
(147757, 304, 1)
(147856, 304, 1)
(147887, 304, 1)
(148013, 304, 1)
(148162, 304, 1)
(149500, 307, 1)
(149610, 307, 1)
(149774, 308, 1)
(150001, 308, 1)
(150063, 308, 1)
(240851, 495, 1)
(240917, 495, 1)
(241174, 495, 1)
(241270, 496, 1)
(241413, 496, 1)
(611556, 1257, 1)
(611685, 1257, 1)
(611732, 1257, 1)
(611837, 1257, 1)
(612205, 1258, 1)
(612455, 1258, 1)
(9827, 21, 1)
(9892, 21, 1)
(9949, 21, 1)
(9989, 21, 1)
(10207, 21, 1)
(10422, 22, 1)
(11785, 25, 1)
(11839, 25, 1)
(12006, 25, 1)
(12030, 25, 1)
(12046, 25, 1)
(12134, 25, 1)
(12147, 25, 1)
(12199, 25, 1)
(12259, 26, 1)
(12285, 26, 1)
(12275, 26, 1)
(12299, 26, 1)
(12545, 26, 1)
(12702, 26, 1)
(35928, 74, 1)
(35959, 74, 1)
(36038, 74, 1)
(52862, 109, 1)
(52899, 109, 1)
(53079, 109, 1)
(53167, 109, 1)
(53230, 110, 1)
(53352, 110, 1)
(53470, 110, 1)
(53601, 110, 1)
(43258, 89, 1)
(43357, 89, 1)
(43412, 89, 1)
(43590, 90, 1)
(43723, 90, 1)
(43755, 90, 1)
(43805, 90, 1)
(155007, 319, 1)
(155177, 319, 1)
(155329, 319, 1)
(155453, 320, 1)
(155490, 320, 1)
(155627, 320, 1)
(155700, 320, 1)
(69348, 143, 1)
(69339, 143, 1)
(69579, 143, 1)
(69734, 144, 1)
(69750, 144, 1)
(69976, 144, 1)
(70064, 144, 1)
(72168, 149, 1)
(72604, 149, 1)
(72689, 150, 1)
(72790, 150, 1)
(246051, 506, 1)
(246199, 506, 1)
(246234, 506, 1)
(246295, 506, 1)
(246320, 506, 1)
(252458, 519, 1)
(252540, 519, 1)
(253162, 520, 1)
(253156, 520, 1)
(253203, 520, 1)
(343425, 706, 1)
(343437, 706, 1)
(343472, 706, 1)
(343708, 706, 1)
(460684, 947, 1)
(460817, 947, 1)
(460863, 947, 1)
(460968, 947, 1)
(460999, 947, 1)
(461142, 948, 1)
(461286, 948, 1)
(461311, 948, 1)
(461448, 948, 1)
(408591, 840, 1)
(408622, 840, 1)
(408661, 840, 1)
(408889, 840, 1)
(408930, 840, 1)
(409008, 840, 1)
(411094, 845, 1)
(411297, 845, 1)
(411322, 845, 1)
(411367, 845, 1)
(411707, 846, 1)
(447188, 919, 1)
(447502, 919, 1)
(447594, 920, 1)
(447799, 920, 1)
(447940, 920, 1)
(452188, 929, 1)
(452610, 930, 1)
(452703, 930, 1)
(452736, 930, 1)
(43948, 91, 1)
(44112, 91, 1)
(44127, 91, 1)
(44392, 91, 1)
(44429, 92, 1)
(44669, 92, 1)
(44839, 92, 1)
(172520, 355, 1)
(172839, 355, 1)
(172845, 355, 1)
(172927, 355, 1)
(172964, 355, 1)
(172975, 355, 1)
(50389, 104, 1)
(50550, 104, 1)
(57943, 119, 1)
(57945, 119, 1)
(58115, 119, 1)
(58117, 120, 1)
(58262, 120, 1)
(58289, 120, 1)
(58388, 120, 1)
(58395, 120, 1)
(58590, 120, 1)
(58600, 120, 1)
(55045, 113, 1)
(55150, 113, 1)
(55141, 113, 1)
(55382, 114, 1)
(55550, 114, 1)
(55571, 114, 1)
(55599, 114, 1)
(55656, 114, 1)
(55653, 114, 1)
(151022, 311, 1)
(151153, 311, 1)
(151248, 311, 1)
(55722, 115, 1)
(55733, 115, 1)
(55805, 115, 1)
(55836, 115, 1)
(55844, 115, 1)
(56024, 115, 1)
(56161, 116, 1)
(56173, 116, 1)
(56203, 116, 1)
(56215, 116, 1)
(56239, 116, 1)
(56346, 116, 1)
(56498, 116, 1)
(56547, 116, 1)
(56594, 116, 1)
(164093, 337, 1)
(164373, 338, 1)
(164440, 338, 1)
(164575, 338, 1)
(170531, 351, 1)
(170686, 351, 1)
(170782, 351, 1)
(170904, 351, 1)
(171063, 352, 1)
(171241, 352, 1)
(171281, 352, 1)
(171376, 352, 1)
(174575, 359, 1)
(174588, 359, 1)
(174751, 359, 1)
(183811, 378, 1)
(193049, 397, 1)
(193164, 397, 1)
(193256, 397, 1)
(193420, 398, 1)
(193404, 398, 1)
(193571, 398, 1)
(193586, 398, 1)
(193650, 398, 1)
(193669, 398, 1)
(277575, 571, 1)
(277771, 571, 1)
(277929, 571, 1)
(277962, 571, 1)
(278411, 572, 1)
(278454, 572, 1)
(278488, 572, 1)
(278509, 572, 1)
(288393, 593, 1)
(288719, 593, 1)
(293338, 603, 1)
(293437, 603, 1)
(293528, 603, 1)
(293958, 604, 1)
(294066, 604, 1)
(294162, 604, 1)
(294193, 604, 1)
(297492, 611, 1)
(297493, 611, 1)
(297632, 611, 1)
(421101, 865, 1)
(421350, 866, 1)
(421458, 866, 1)
(421662, 866, 1)
(421660, 866, 1)
(421704, 866, 1)
(421701, 866, 1)
(421775, 866, 1)
(96936, 200, 1)
(96952, 200, 1)
(97097, 200, 1)
(97269, 200, 1)
(97370, 200, 1)
(101384, 209, 1)
(101746, 209, 1)
(101758, 209, 1)
(102077, 210, 1)
(102091, 210, 1)
(102147, 210, 1)
(102157, 210, 1)
(102194, 210, 1)
(102258, 210, 1)
(105256, 217, 1)
(105414, 217, 1)
(105669, 217, 1)
(105937, 218, 1)
(106170, 218, 1)
(106308, 219, 1)
(106351, 219, 1)
(115098, 237, 1)
(115133, 237, 1)
(115238, 237, 1)
(115336, 237, 1)
(115425, 237, 1)
(115424, 237, 1)
(115631, 238, 1)
(115823, 238, 1)
(115957, 238, 1)
(115987, 238, 1)
(122835, 253, 1)
(122879, 253, 1)
(123012, 253, 1)
(123312, 254, 1)
(123474, 254, 1)
(123601, 254, 1)
(123687, 255, 1)
(123702, 255, 1)
(123745, 255, 1)
(123908, 255, 1)
(124093, 255, 1)
(124295, 256, 1)
(124363, 256, 1)
(124398, 256, 1)
(126645, 261, 1)
(126649, 261, 1)
(126718, 261, 1)
(127000, 261, 1)
(127017, 261, 1)
(127143, 262, 1)
(127449, 262, 1)
(131581, 271, 1)
(131698, 271, 1)
(131892, 271, 1)
(131946, 271, 1)
(132136, 272, 1)
(132224, 272, 1)
(132214, 272, 1)
(132281, 272, 1)
(132399, 272, 1)
(132414, 272, 1)
(150378, 309, 1)
(150499, 309, 1)
(150631, 310, 1)
(150750, 310, 1)
(150761, 310, 1)
(211357, 435, 1)
(211402, 435, 1)
(211430, 435, 1)
(211432, 435, 1)
(211550, 435, 1)
(211622, 435, 1)
(211675, 435, 1)
(211805, 436, 1)
(211887, 436, 1)
(212165, 436, 1)
(212990, 438, 1)
(213230, 438, 1)
(215250, 443, 1)
(215488, 443, 1)
(215555, 443, 1)
(215642, 443, 1)
(215762, 444, 1)
(216047, 444, 1)
(234415, 482, 1)
(234475, 482, 1)
(234602, 482, 1)
(234756, 482, 1)
(235999, 485, 1)
(236010, 485, 1)
(236055, 485, 1)
(236153, 485, 1)
(236216, 485, 1)
(236559, 486, 1)
(236728, 486, 1)
(237772, 489, 1)
(237788, 489, 1)
(238192, 489, 1)
(238267, 490, 1)
(238333, 490, 1)
(238501, 490, 1)
(238547, 490, 1)
(238635, 490, 1)
(238691, 490, 1)
(238703, 490, 1)
(238716, 490, 1)
(239933, 493, 1)
(239996, 493, 1)
(240039, 493, 1)
(240017, 493, 1)
(240106, 493, 1)
(121135, 249, 1)
(121275, 250, 1)
(121377, 250, 1)
(121500, 250, 1)
(124713, 257, 1)
(124761, 257, 1)
(125258, 258, 1)
(125338, 258, 1)
(179357, 369, 1)
(179472, 369, 1)
(179732, 369, 1)
(179844, 370, 1)
(183147, 377, 1)
(183216, 377, 1)
(183248, 377, 1)
(183364, 377, 1)
(183520, 377, 1)
(217260, 447, 1)
(217366, 447, 1)
(217558, 447, 1)
(217675, 448, 1)
(217975, 448, 1)
(217998, 448, 1)
(217995, 448, 1)
(217994, 448, 1)
(218117, 448, 1)
(218412, 449, 1)
(218758, 450, 1)
(218883, 450, 1)
(218941, 450, 1)
(219099, 450, 1)
(219129, 450, 1)
(325400, 669, 1)
(325615, 669, 1)
(325595, 669, 1)
(325662, 669, 1)
(325674, 669, 1)
(325747, 669, 1)
(325796, 669, 1)
(325811, 669, 1)
(325836, 669, 1)
(325978, 670, 1)
(325993, 670, 1)
(326202, 670, 1)
(326197, 670, 1)
(326254, 670, 1)
(326259, 670, 1)
(333059, 685, 1)
(333143, 685, 1)
(333212, 685, 1)
(333210, 685, 1)
(333274, 685, 1)
(333393, 685, 1)
(333473, 685, 1)
(333521, 686, 1)
(333633, 686, 1)
(333686, 686, 1)
(333714, 686, 1)
(333753, 686, 1)
(333927, 686, 1)
(336153, 691, 1)
(336249, 691, 1)
(336338, 691, 1)
(336697, 692, 1)
(336724, 692, 1)
(344798, 709, 1)
(344850, 709, 1)
(337196, 693, 1)
(337834, 694, 1)
(337924, 695, 1)
(337937, 695, 1)
(338593, 696, 1)
(338604, 696, 1)
(338796, 696, 1)
(338833, 696, 1)
(440242, 905, 1)
(440544, 905, 1)
(440603, 905, 1)
(440672, 905, 1)
(440682, 905, 1)
(440930, 906, 1)
(440989, 906, 1)
(441164, 906, 1)
(446197, 917, 1)
(446250, 917, 1)
(446267, 917, 1)
(446496, 917, 1)
(446553, 917, 1)
(446672, 918, 1)
(446961, 918, 1)
(446975, 918, 1)
(527893, 1085, 1)
(527947, 1085, 1)
(528166, 1085, 1)
(528216, 1085, 1)
(528264, 1085, 1)
(528398, 1086, 1)
(528515, 1086, 1)
(528563, 1086, 1)
(528622, 1086, 1)
(528913, 1087, 1)
(528950, 1087, 1)
(529263, 1087, 1)
(529456, 1088, 1)
(529515, 1088, 1)
(187849, 386, 1)
(187901, 386, 1)
(192087, 395, 1)
(192115, 395, 1)
(192277, 395, 1)
(192623, 396, 1)
(242149, 498, 1)
(242209, 498, 1)
(242339, 498, 1)
(247533, 509, 1)
(247591, 509, 1)
(247857, 510, 1)
(247970, 510, 1)
(248326, 510, 1)
(251369, 517, 1)
(251623, 517, 1)
(251700, 517, 1)
(251763, 517, 1)
(251901, 518, 1)
(251921, 518, 1)
(251944, 518, 1)
(252024, 518, 1)
(252118, 518, 1)
(252260, 518, 1)
(255290, 525, 1)
(255568, 525, 1)
(255690, 525, 1)
(255730, 526, 1)
(255819, 526, 1)
(255921, 526, 1)
(255959, 526, 1)
(299604, 616, 1)
(299809, 616, 1)
(299846, 616, 1)
(299869, 616, 1)
(300104, 617, 1)
(300300, 617, 1)
(300472, 617, 1)
(300544, 617, 1)
(300558, 617, 1)
(300757, 618, 1)
(300892, 618, 1)
(484061, 995, 1)
(484154, 995, 1)
(484174, 995, 1)
(484262, 995, 1)
(484424, 995, 1)
(484491, 996, 1)
(484497, 996, 1)
(484699, 996, 1)
(484749, 996, 1)
(484769, 996, 1)
(489040, 1005, 1)
(489153, 1005, 1)
(489224, 1005, 1)
(489286, 1005, 1)
(489507, 1006, 1)
(489630, 1006, 1)
(489676, 1006, 1)
(489779, 1006, 1)
(496531, 1020, 1)
(496562, 1020, 1)
(519482, 1067, 1)
(519521, 1068, 1)
(519693, 1068, 1)
(519790, 1068, 1)
(519987, 1068, 1)
(500182, 1028, 1)
(500205, 1028, 1)
(500325, 1028, 1)
(504539, 1037, 1)
(504649, 1037, 1)
(504650, 1037, 1)
(504753, 1037, 1)
(504788, 1037, 1)
(504805, 1037, 1)
(504815, 1037, 1)
(504927, 1037, 1)
(505337, 1038, 1)
(598139, 1229, 1)
(598613, 1230, 1)
(598646, 1230, 1)
(598832, 1230, 1)
(598936, 1230, 1)
(599059, 1231, 1)
(599316, 1231, 1)
(599485, 1231, 1)
(599786, 1232, 1)
(599967, 1232, 1)
(256903, 528, 1)
(258228, 531, 1)
(258267, 531, 1)
(258304, 531, 1)
(258334, 531, 1)
(258519, 531, 1)
(258559, 531, 1)
(258986, 532, 1)
(258999, 532, 1)
(259013, 532, 1)
(462743, 951, 1)
(462955, 951, 1)
(462993, 951, 1)
(463086, 952, 1)
(479377, 985, 1)
(479467, 985, 1)
(479666, 985, 1)
(479677, 985, 1)
(479789, 986, 1)
(479888, 986, 1)
(479991, 986, 1)
(480110, 986, 1)
(480107, 986, 1)
(564941, 1161, 1)
(565139, 1161, 1)
(565159, 1161, 1)
(565185, 1161, 1)
(565363, 1161, 1)
(565415, 1162, 1)
(565581, 1162, 1)
(565811, 1162, 1)
(567887, 1167, 1)
(567932, 1167, 1)
(568033, 1167, 1)
(568039, 1167, 1)
(568060, 1167, 1)
(568079, 1167, 1)
(568416, 1168, 1)
(568442, 1168, 1)
(568542, 1168, 1)
(568595, 1168, 1)
(568627, 1168, 1)
(568625, 1168, 1)
(568761, 1168, 1)
(309210, 636, 1)
(309471, 636, 1)
(309454, 636, 1)
(309498, 636, 1)
(309589, 636, 1)
(315584, 649, 1)
(315770, 649, 1)
(315869, 649, 1)
(316009, 649, 1)
(316039, 649, 1)
(316063, 650, 1)
(316199, 650, 1)
(316264, 650, 1)
(316305, 650, 1)
(316416, 650, 1)
(316533, 650, 1)
(316541, 650, 1)
(309904, 637, 1)
(310005, 637, 1)
(310021, 637, 1)
(310081, 637, 1)
(310126, 637, 1)
(310187, 638, 1)
(310229, 638, 1)
(310365, 638, 1)
(310392, 638, 1)
(310469, 638, 1)
(310608, 638, 1)
(310607, 638, 1)
(324829, 667, 1)
(324959, 668, 1)
(325145, 668, 1)
(325259, 668, 1)
(325366, 668, 1)
(329408, 677, 1)
(329417, 677, 1)
(329484, 677, 1)
(329461, 677, 1)
(329493, 677, 1)
(329623, 677, 1)
(329645, 677, 1)
(330074, 678, 1)
(330229, 678, 1)
(342824, 705, 1)
(342935, 705, 1)
(343199, 705, 1)
(387727, 797, 1)
(388332, 798, 1)
(388339, 798, 1)
(388417, 798, 1)
(388416, 798, 1)
(388442, 798, 1)
(388487, 798, 1)
(388602, 798, 1)
(389689, 801, 1)
(389845, 801, 1)
(389863, 801, 1)
(389929, 801, 1)
(389935, 801, 1)
(390109, 801, 1)
(390148, 801, 1)
(455725, 937, 1)
(456056, 937, 1)
(456074, 937, 1)
(456144, 937, 1)
(456175, 937, 1)
(456267, 938, 1)
(456330, 938, 1)
(456464, 938, 1)
(456488, 938, 1)
(456521, 938, 1)
(459720, 945, 1)
(459750, 945, 1)
(459755, 945, 1)
(459814, 945, 1)
(459958, 945, 1)
(460071, 945, 1)
(460335, 946, 1)
(460442, 946, 1)
(540763, 1111, 1)
(541059, 1111, 1)
(541095, 1112, 1)
(541153, 1112, 1)
(541372, 1112, 1)
(541433, 1112, 1)
(546347, 1123, 1)
(546388, 1123, 1)
(546369, 1123, 1)
(546387, 1123, 1)
(546547, 1123, 1)
(546714, 1123, 1)
(575499, 1183, 1)
(575557, 1183, 1)
(575791, 1183, 1)
(575830, 1183, 1)
(576058, 1184, 1)
(576233, 1184, 1)
(576439, 1184, 1)
(577462, 1187, 1)
(577504, 1187, 1)
(577649, 1187, 1)
(577851, 1187, 1)
(600665, 1234, 1)
(600719, 1234, 1)
(600933, 1234, 1)
(601022, 1235, 1)
(601055, 1235, 1)
(601192, 1235, 1)
(601260, 1235, 1)
(601319, 1235, 1)
(601324, 1235, 1)
(601475, 1236, 1)
(601690, 1236, 1)
(601720, 1236, 1)
(15695, 33, 1)
(15800, 33, 1)
(15946, 33, 1)
(16133, 33, 1)
(16219, 34, 1)
(16513, 34, 1)
(16588, 34, 1)
(16613, 34, 1)
(81968, 169, 1)
(81974, 169, 1)
(81996, 169, 1)
(82035, 169, 1)
(82060, 169, 1)
(82063, 169, 1)
(82105, 169, 1)
(82251, 169, 1)
(82665, 170, 1)
(82828, 170, 1)
(83226, 171, 1)
(83367, 171, 1)
(83382, 171, 1)
(83601, 172, 1)
(83604, 172, 1)
(83602, 172, 1)
(83662, 172, 1)
(83651, 172, 1)
(83807, 172, 1)
(88811, 183, 1)
(89072, 183, 1)
(89096, 183, 1)
(89189, 183, 1)
(89322, 184, 1)
(89337, 184, 1)
(89451, 184, 1)
(89593, 184, 1)
(89695, 184, 1)
(89726, 184, 1)
(89761, 184, 1)
(90651, 187, 1)
(90685, 187, 1)
(90798, 187, 1)
(90946, 187, 1)
(91032, 187, 1)
(91103, 188, 1)
(91151, 188, 1)
(91389, 188, 1)
(143775, 296, 1)
(143819, 296, 1)
(143981, 296, 1)
(144041, 296, 1)
(144070, 296, 1)
(144161, 296, 1)
(229942, 473, 1)
(230158, 473, 1)
(230183, 473, 1)
(230320, 473, 1)
(230328, 473, 1)
(230343, 473, 1)
(230369, 473, 1)
(230373, 473, 1)
(230751, 474, 1)
(194896, 401, 1)
(194919, 401, 1)
(194937, 401, 1)
(195006, 401, 1)
(195065, 401, 1)
(195235, 401, 1)
(195641, 402, 1)
(195664, 402, 1)
(195703, 402, 1)
(195760, 402, 1)
(195810, 402, 1)
(195801, 402, 1)
(204643, 421, 1)
(205034, 421, 1)
(205066, 421, 1)
(205090, 421, 1)
(205295, 422, 1)
(221268, 455, 1)
(221309, 455, 1)
(221653, 456, 1)
(221796, 456, 1)
(221914, 456, 1)
(221958, 456, 1)
(222015, 456, 1)
(228940, 471, 1)
(229027, 471, 1)
(229077, 471, 1)
(229141, 471, 1)
(229276, 471, 1)
(229323, 471, 1)
(229411, 471, 1)
(229518, 472, 1)
(229625, 472, 1)
(229733, 472, 1)
(229788, 472, 1)
(229866, 472, 1)
(297659, 612, 1)
(297765, 612, 1)
(297844, 612, 1)
(297940, 612, 1)
(297964, 612, 1)
(297977, 612, 1)
(298137, 613, 1)
(298215, 613, 1)
(298375, 613, 1)
(298387, 613, 1)
(298400, 613, 1)
(298630, 614, 1)
(298754, 614, 1)
(298792, 614, 1)
(298874, 614, 1)
(298943, 614, 1)
(299008, 614, 1)
(299065, 614, 1)
(604955, 1243, 1)
(604973, 1243, 1)
(605075, 1243, 1)
(605251, 1244, 1)
(605296, 1244, 1)
(605439, 1244, 1)
(605489, 1244, 1)
(605643, 1244, 1)
(606144, 1245, 1)
(610657, 1255, 1)
(611147, 1256, 1)
(611284, 1256, 1)
(611309, 1256, 1)
(611470, 1256, 1)
(28061, 58, 1)
(28110, 58, 1)
(28164, 58, 1)
(28165, 58, 1)
(28187, 58, 1)
(28250, 58, 1)
(28351, 58, 1)
(28401, 58, 1)
(547260, 1125, 1)
(547286, 1125, 1)
(547464, 1125, 1)
(547486, 1125, 1)
(547505, 1125, 1)
(547527, 1125, 1)
(547546, 1125, 1)
(547784, 1126, 1)
(30410, 63, 1)
(30531, 63, 1)
(30591, 63, 1)
(30575, 63, 1)
(30598, 63, 1)
(30804, 64, 1)
(30877, 64, 1)
(30930, 64, 1)
(31008, 64, 1)
(31130, 64, 1)
(59618, 123, 1)
(59774, 123, 1)
(59847, 123, 1)
(32281, 67, 1)
(32521, 67, 1)
(32605, 67, 1)
(32719, 68, 1)
(33122, 68, 1)
(48019, 99, 1)
(48256, 99, 1)
(161227, 332, 1)
(161692, 332, 1)
(168708, 347, 1)
(168729, 347, 1)
(168725, 347, 1)
(168836, 347, 1)
(169174, 348, 1)
(169223, 348, 1)
(169402, 348, 1)
(169404, 348, 1)
(165151, 340, 1)
(165425, 340, 1)
(165745, 341, 1)
(165764, 341, 1)
(165951, 341, 1)
(166039, 341, 1)
(166273, 342, 1)
(166320, 342, 1)
(166323, 342, 1)
(166489, 342, 1)
(176513, 363, 1)
(176519, 363, 1)
(176690, 363, 1)
(176678, 363, 1)
(177023, 364, 1)
(241540, 497, 1)
(241579, 497, 1)
(241631, 497, 1)
(210562, 433, 1)
(210779, 433, 1)
(211162, 434, 1)
(257273, 529, 1)
(257410, 529, 1)
(257534, 529, 1)
(219154, 451, 1)
(219178, 451, 1)
(219198, 451, 1)
(219370, 451, 1)
(219685, 452, 1)
(219710, 452, 1)
(219848, 452, 1)
(220070, 452, 1)
(228025, 469, 1)
(228159, 469, 1)
(228331, 469, 1)
(228340, 469, 1)
(228384, 469, 1)
(228389, 469, 1)
(294293, 605, 1)
(294414, 605, 1)
(294545, 605, 1)
(294697, 606, 1)
(294754, 606, 1)
(294803, 606, 1)
(294875, 606, 1)
(294894, 606, 1)
(301246, 619, 1)
(301272, 619, 1)
(301288, 619, 1)
(301298, 619, 1)
(301337, 619, 1)
(301353, 619, 1)
(301596, 620, 1)
(301650, 620, 1)
(301662, 620, 1)
(301682, 620, 1)
(301791, 620, 1)
(301833, 620, 1)
(606178, 1246, 1)
(606241, 1246, 1)
(606469, 1246, 1)
(606609, 1246, 1)
(606641, 1247, 1)
(606689, 1247, 1)
(606796, 1247, 1)
(606982, 1247, 1)
(607046, 1247, 1)
(607238, 1248, 1)
(607289, 1248, 1)
(607504, 1248, 1)
(607550, 1248, 1)
(607565, 1248, 1)
(607571, 1248, 1)
(607636, 1249, 1)
(607783, 1249, 1)
(607799, 1249, 1)
(607834, 1249, 1)
(607893, 1249, 1)
(607940, 1249, 1)
(607951, 1249, 1)
(608029, 1249, 1)
(608067, 1249, 1)
(608352, 1250, 1)
(608395, 1250, 1)
(608423, 1250, 1)
(608477, 1250, 1)
(608600, 1250, 1)
(608680, 1251, 1)
(609153, 1252, 1)
(609188, 1252, 1)
(609405, 1252, 1)
(609508, 1252, 1)
(609762, 1253, 1)
(609787, 1253, 1)
(609873, 1253, 1)
(609881, 1253, 1)
(610083, 1254, 1)
(610091, 1254, 1)
(610167, 1254, 1)
(610189, 1254, 1)
(610333, 1254, 1)
(610391, 1254, 1)
(28455, 59, 1)
(28576, 59, 1)
(28881, 59, 1)
(28989, 60, 1)
(29139, 60, 1)
(29259, 60, 1)
(29372, 60, 1)
(39156, 81, 1)
(39162, 81, 1)
(39187, 81, 1)
(39241, 81, 1)
(39353, 81, 1)
(39387, 81, 1)
(39366, 81, 1)
(39678, 82, 1)
(39729, 82, 1)
(39841, 82, 1)
(42020, 87, 1)
(42053, 87, 1)
(42160, 87, 1)
(42378, 87, 1)
(42390, 87, 1)
(42520, 88, 1)
(42813, 88, 1)
(42811, 88, 1)
(51760, 107, 1)
(51858, 107, 1)
(52063, 107, 1)
(52298, 108, 1)
(52347, 108, 1)
(52491, 108, 1)
(52516, 108, 1)
(52560, 108, 1)
(52586, 108, 1)
(52606, 108, 1)
(52667, 108, 1)
(186085, 383, 1)
(186403, 383, 1)
(186523, 384, 1)
(186741, 384, 1)
(186900, 384, 1)
(189974, 391, 1)
(189977, 391, 1)
(190382, 391, 1)
(190379, 391, 1)
(190393, 391, 1)
(303824, 625, 1)
(304159, 625, 1)
(304466, 626, 1)
(304617, 626, 1)
(304744, 626, 1)
(311680, 641, 1)
(311742, 641, 1)
(312068, 641, 1)
(312110, 641, 1)
(330285, 679, 1)
(330293, 679, 1)
(330440, 679, 1)
(330450, 679, 1)
(330459, 679, 1)
(330558, 679, 1)
(331228, 680, 1)
(332092, 683, 1)
(332491, 683, 1)
(332496, 683, 1)
(398966, 820, 1)
(398963, 820, 1)
(399250, 820, 1)
(400269, 823, 1)
(400297, 823, 1)
(400464, 823, 1)
(400574, 823, 1)
(400754, 824, 1)
(400889, 824, 1)
(400931, 824, 1)
(401009, 824, 1)
(401117, 824, 1)
(401133, 824, 1)
(401171, 824, 1)
(487716, 1002, 1)
(487773, 1002, 1)
(487851, 1002, 1)
(488015, 1003, 1)
(488076, 1003, 1)
(488097, 1003, 1)
(488528, 1004, 1)
(488592, 1004, 1)
(488693, 1004, 1)
(488826, 1004, 1)
(574583, 1181, 1)
(574620, 1181, 1)
(574626, 1181, 1)
(574758, 1181, 1)
(574808, 1181, 1)
(574814, 1181, 1)
(575022, 1182, 1)
(575031, 1182, 1)
(575209, 1182, 1)
(575356, 1182, 1)
(575473, 1182, 1)
(575429, 1182, 1)
(576534, 1185, 1)
(576556, 1185, 1)
(576565, 1185, 1)
(576675, 1185, 1)
(576984, 1186, 1)
(577043, 1186, 1)
(577135, 1186, 1)
(577361, 1186, 1)
(577375, 1186, 1)
(40969, 85, 1)
(41026, 85, 1)
(41135, 85, 1)
(41160, 85, 1)
(41241, 85, 1)
(41377, 85, 1)
(41443, 85, 1)
(41510, 86, 1)
(41600, 86, 1)
(41716, 86, 1)
(41791, 86, 1)
(41796, 86, 1)
(46931, 97, 1)
(46965, 97, 1)
(47056, 97, 1)
(47245, 97, 1)
(47572, 98, 1)
(47674, 98, 1)
(98688, 203, 1)
(98810, 203, 1)
(98866, 203, 1)
(98903, 204, 1)
(98982, 204, 1)
(99023, 204, 1)
(99074, 204, 1)
(99157, 204, 1)
(99178, 204, 1)
(99193, 204, 1)
(99211, 204, 1)
(100423, 207, 1)
(100461, 207, 1)
(100684, 207, 1)
(100966, 208, 1)
(100988, 208, 1)
(101033, 208, 1)
(101125, 208, 1)
(101171, 208, 1)
(101217, 208, 1)
(101315, 208, 1)
(438950, 902, 1)
(438959, 902, 1)
(438996, 902, 1)
(439102, 902, 1)
(439116, 902, 1)
(439149, 902, 1)
(439467, 903, 1)
(439510, 903, 1)
(439572, 903, 1)
(439594, 903, 1)
(439619, 903, 1)
(439657, 903, 1)
(439670, 903, 1)
(439758, 904, 1)
(439761, 904, 1)
(439852, 904, 1)
(439872, 904, 1)
(439977, 904, 1)
(440169, 904, 1)
(442383, 909, 1)
(442570, 909, 1)
(442625, 909, 1)
(442640, 909, 1)
(442657, 909, 1)
(442889, 910, 1)
(442914, 910, 1)
(442923, 910, 1)
(443075, 910, 1)
(443118, 910, 1)
(443184, 911, 1)
(443203, 911, 1)
(443330, 911, 1)
(443426, 911, 1)
(443451, 911, 1)
(443495, 911, 1)
(443787, 912, 1)
(443874, 912, 1)
(443859, 912, 1)
(443881, 912, 1)
(444046, 912, 1)
(444047, 912, 1)
(444071, 912, 1)
(493760, 1015, 1)
(493843, 1015, 1)
(493850, 1015, 1)
(494010, 1015, 1)
(494019, 1015, 1)
(494167, 1015, 1)
(494185, 1015, 1)
(494299, 1016, 1)
(494377, 1016, 1)
(494542, 1016, 1)
(494593, 1016, 1)
(505751, 1039, 1)
(505810, 1039, 1)
(505931, 1039, 1)
(505971, 1039, 1)
(506013, 1040, 1)
(506168, 1040, 1)
(506327, 1040, 1)
(506350, 1040, 1)
(506398, 1040, 1)
(511385, 1051, 1)
(511404, 1051, 1)
(511599, 1051, 1)
(511679, 1051, 1)
(511746, 1051, 1)
(511838, 1051, 1)
(511888, 1052, 1)
(512209, 1052, 1)
(512640, 1053, 1)
(512862, 1054, 1)
(587792, 1208, 1)
(587997, 1208, 1)
(588025, 1208, 1)
(588191, 1208, 1)
(589206, 1211, 1)
(589205, 1211, 1)
(589208, 1211, 1)
(589255, 1211, 1)
(589338, 1211, 1)
(589512, 1211, 1)
(589616, 1211, 1)
(589642, 1211, 1)
(589807, 1212, 1)
(589859, 1212, 1)
(589926, 1212, 1)
(590196, 1213, 1)
(590310, 1213, 1)
(590433, 1213, 1)
(590557, 1213, 1)
(590570, 1213, 1)
(590784, 1214, 1)
(590851, 1214, 1)
(590883, 1214, 1)
(590978, 1214, 1)
(591040, 1214, 1)
(591066, 1214, 1)
(591075, 1214, 1)
(591121, 1214, 1)
(591137, 1214, 1)
(595305, 1223, 1)
(595325, 1223, 1)
(595333, 1223, 1)
(595577, 1224, 1)
(595658, 1224, 1)
(595723, 1224, 1)
(595811, 1224, 1)
(595904, 1224, 1)
(595985, 1224, 1)
(53739, 111, 1)
(53817, 111, 1)
(54483, 112, 1)
(54587, 112, 1)
(54670, 112, 1)
(56677, 117, 1)
(56676, 117, 1)
(56767, 117, 1)
(56835, 117, 1)
(56873, 117, 1)
(57063, 117, 1)
(57125, 117, 1)
(57163, 118, 1)
(57182, 118, 1)
(57279, 118, 1)
(57506, 118, 1)
(57551, 118, 1)
(207653, 427, 1)
(207688, 427, 1)
(207668, 427, 1)
(207724, 427, 1)
(207889, 427, 1)
(208007, 427, 1)
(208078, 428, 1)
(208312, 428, 1)
(208429, 428, 1)
(208462, 428, 1)
(291283, 599, 1)
(291321, 599, 1)
(291390, 599, 1)
(291524, 599, 1)
(291517, 599, 1)
(291665, 599, 1)
(291730, 599, 1)
(291822, 600, 1)
(291982, 600, 1)
(292007, 600, 1)
(292154, 600, 1)
(209626, 431, 1)
(209672, 431, 1)
(209720, 431, 1)
(209917, 431, 1)
(210002, 431, 1)
(299195, 615, 1)
(299212, 615, 1)
(299367, 615, 1)
(299412, 615, 1)
(299450, 615, 1)
(299472, 615, 1)
(299555, 615, 1)
(304845, 627, 1)
(304862, 627, 1)
(304893, 627, 1)
(304911, 627, 1)
(305049, 627, 1)
(305108, 627, 1)
(305113, 627, 1)
(310685, 639, 1)
(310847, 639, 1)
(310854, 639, 1)
(311305, 640, 1)
(311446, 640, 1)
(322539, 663, 1)
(322566, 663, 1)
(322944, 664, 1)
(323019, 664, 1)
(323167, 664, 1)
(323205, 664, 1)
(359477, 739, 1)
(359582, 739, 1)
(359597, 739, 1)
(359706, 739, 1)
(359730, 739, 1)
(359762, 739, 1)
(359843, 739, 1)
(359990, 740, 1)
(360126, 740, 1)
(346824, 713, 1)
(346894, 713, 1)
(346930, 713, 1)
(347193, 713, 1)
(347241, 714, 1)
(347262, 714, 1)
(347410, 714, 1)
(347612, 714, 1)
(347689, 714, 1)
(348213, 716, 1)
(348385, 716, 1)
(348442, 716, 1)
(348465, 716, 1)
(403296, 829, 1)
(403299, 829, 1)
(403673, 829, 1)
(403718, 830, 1)
(403923, 830, 1)
(405160, 833, 1)
(405183, 833, 1)
(405196, 833, 1)
(405396, 833, 1)
(405472, 833, 1)
(405474, 833, 1)
(405558, 833, 1)
(405564, 833, 1)
(417487, 858, 1)
(417559, 858, 1)
(417817, 858, 1)
(426701, 877, 1)
(426862, 877, 1)
(426863, 877, 1)
(427126, 878, 1)
(427251, 878, 1)
(522071, 1073, 1)
(522160, 1073, 1)
(522234, 1073, 1)
(522361, 1073, 1)
(522456, 1074, 1)
(522685, 1074, 1)
(522686, 1074, 1)
(522697, 1074, 1)
(522752, 1074, 1)
(522938, 1074, 1)
(526960, 1083, 1)
(527005, 1083, 1)
(527127, 1083, 1)
(591253, 1215, 1)
(591349, 1215, 1)
(591635, 1215, 1)
(591640, 1215, 1)
(591679, 1216, 1)
(591687, 1216, 1)
(591902, 1216, 1)
(591945, 1216, 1)
(592001, 1216, 1)
(593150, 1219, 1)
(593382, 1219, 1)
(593510, 1219, 1)
(593526, 1219, 1)
(593556, 1219, 1)
(593577, 1219, 1)
(593621, 1220, 1)
(593743, 1220, 1)
(593747, 1220, 1)
(593804, 1220, 1)
(594032, 1220, 1)
(118023, 243, 1)
(118077, 243, 1)
(118150, 243, 1)
(118170, 243, 1)
(118210, 243, 1)
(118254, 243, 1)
(118292, 243, 1)
(118312, 243, 1)
(118355, 243, 1)
(118746, 244, 1)
(118980, 245, 1)
(119148, 245, 1)
(119347, 245, 1)
(119522, 246, 1)
(119583, 246, 1)
(119599, 246, 1)
(119728, 246, 1)
(119710, 246, 1)
(284536, 585, 1)
(284799, 585, 1)
(284991, 586, 1)
(284994, 586, 1)
(285087, 586, 1)
(285069, 586, 1)
(285256, 586, 1)
(287434, 591, 1)
(287607, 591, 1)
(287613, 591, 1)
(287682, 591, 1)
(287825, 591, 1)
(287866, 592, 1)
(288063, 592, 1)
(288105, 592, 1)
(288261, 592, 1)
(326393, 671, 1)
(326399, 671, 1)
(326414, 671, 1)
(326445, 671, 1)
(326635, 671, 1)
(326839, 671, 1)
(327127, 672, 1)
(382916, 787, 1)
(383025, 787, 1)
(383229, 787, 1)
(383272, 787, 1)
(383508, 788, 1)
(383632, 788, 1)
(383677, 788, 1)
(331397, 681, 1)
(331429, 681, 1)
(331771, 682, 1)
(331827, 682, 1)
(331951, 682, 1)
(331982, 682, 1)
(396403, 815, 1)
(396453, 815, 1)
(396484, 815, 1)
(396570, 815, 1)
(396722, 815, 1)
(397083, 816, 1)
(397138, 816, 1)
(334082, 687, 1)
(334172, 687, 1)
(334260, 687, 1)
(334441, 687, 1)
(334457, 687, 1)
(334806, 688, 1)
(341979, 703, 1)
(342098, 703, 1)
(342107, 703, 1)
(342205, 703, 1)
(342230, 703, 1)
(342467, 704, 1)
(342632, 704, 1)
(342720, 704, 1)
(342736, 704, 1)
(340869, 701, 1)
(340966, 701, 1)
(341187, 701, 1)
(341208, 701, 1)
(341277, 701, 1)
(341635, 702, 1)
(341713, 702, 1)
(341809, 702, 1)
(341831, 702, 1)
(501596, 1031, 1)
(501826, 1031, 1)
(501933, 1031, 1)
(501951, 1031, 1)
(502012, 1031, 1)
(502180, 1032, 1)
(502176, 1032, 1)
(502405, 1032, 1)
(502486, 1032, 1)
(373052, 767, 1)
(373227, 767, 1)
(373405, 767, 1)
(373400, 767, 1)
(373567, 768, 1)
(373690, 768, 1)
(373692, 768, 1)
(380992, 783, 1)
(381399, 784, 1)
(381412, 784, 1)
(381670, 784, 1)
(381707, 784, 1)
(381762, 784, 1)
(381787, 784, 1)
(385431, 792, 1)
(385451, 792, 1)
(385549, 792, 1)
(385639, 792, 1)
(385678, 792, 1)
(431471, 887, 1)
(431636, 887, 1)
(431632, 887, 1)
(431759, 887, 1)
(431838, 887, 1)
(431877, 887, 1)
(431932, 888, 1)
(431987, 888, 1)
(432020, 888, 1)
(432065, 888, 1)
(432074, 888, 1)
(433380, 891, 1)
(433401, 891, 1)
(433605, 891, 1)
(433622, 891, 1)
(433726, 891, 1)
(495448, 1018, 1)
(495451, 1018, 1)
(495502, 1018, 1)
(495513, 1018, 1)
(495683, 1018, 1)
(497820, 1023, 1)
(497908, 1023, 1)
(497936, 1023, 1)
(497964, 1023, 1)
(498240, 1024, 1)
(498335, 1024, 1)
(498387, 1024, 1)
(498532, 1024, 1)
(540097, 1110, 1)
(540320, 1110, 1)
(540350, 1110, 1)
(540444, 1110, 1)
(540526, 1110, 1)
(540537, 1110, 1)
(540584, 1110, 1)
(554184, 1139, 1)
(554237, 1139, 1)
(554241, 1139, 1)
(554378, 1139, 1)
(554366, 1139, 1)
(554351, 1139, 1)
(554448, 1139, 1)
(554529, 1139, 1)
(554852, 1140, 1)
(554872, 1140, 1)
(554992, 1140, 1)
(555000, 1140, 1)
(555012, 1140, 1)
(555062, 1140, 1)
(151521, 312, 1)
(151858, 312, 1)
(152886, 315, 1)
(152929, 315, 1)
(152934, 315, 1)
(153069, 315, 1)
(153122, 315, 1)
(153187, 315, 1)
(153286, 315, 1)
(153827, 316, 1)
(153845, 316, 1)
(182135, 375, 1)
(182146, 375, 1)
(182141, 375, 1)
(182390, 375, 1)
(182515, 375, 1)
(182546, 375, 1)
(182563, 375, 1)
(182708, 376, 1)
(182753, 376, 1)
(182784, 376, 1)
(182944, 376, 1)
(183011, 376, 1)
(202705, 417, 1)
(202795, 417, 1)
(202807, 417, 1)
(203067, 417, 1)
(332796, 684, 1)
(332916, 684, 1)
(332931, 684, 1)
(409408, 841, 1)
(409445, 841, 1)
(409457, 841, 1)
(409484, 841, 1)
(409499, 841, 1)
(409589, 842, 1)
(409586, 842, 1)
(409685, 842, 1)
(409929, 842, 1)
(352714, 725, 1)
(352951, 725, 1)
(352957, 725, 1)
(352970, 725, 1)
(353005, 725, 1)
(353154, 726, 1)
(353356, 726, 1)
(353452, 726, 1)
(353595, 726, 1)
(357533, 735, 1)
(357803, 735, 1)
(357908, 735, 1)
(358143, 736, 1)
(358184, 736, 1)
(358229, 736, 1)
(358269, 736, 1)
(358366, 736, 1)
(358434, 736, 1)
(362538, 745, 1)
(362624, 745, 1)
(363017, 746, 1)
(371228, 763, 1)
(371237, 763, 1)
(371292, 763, 1)
(371294, 763, 1)
(371332, 763, 1)
(371424, 763, 1)
(371415, 763, 1)
(371429, 763, 1)
(371571, 764, 1)
(371666, 764, 1)
(422017, 867, 1)
(422051, 867, 1)
(422084, 867, 1)
(422139, 867, 1)
(422322, 868, 1)
(422492, 868, 1)
(422520, 868, 1)
(424637, 873, 1)
(424639, 873, 1)
(424833, 873, 1)
(425067, 874, 1)
(425093, 874, 1)
(425224, 874, 1)
(425251, 874, 1)
(425417, 874, 1)
(448184, 921, 1)
(448564, 922, 1)
(448585, 922, 1)
(449002, 922, 1)
(458659, 943, 1)
(458728, 943, 1)
(458760, 943, 1)
(458841, 943, 1)
(458898, 943, 1)
(458968, 943, 1)
(459264, 944, 1)
(459424, 944, 1)
(459470, 944, 1)
(459488, 944, 1)
(516241, 1061, 1)
(516234, 1061, 1)
(516315, 1061, 1)
(516370, 1061, 1)
(516436, 1061, 1)
(516508, 1061, 1)
(516600, 1062, 1)
(516813, 1062, 1)
(516887, 1062, 1)
(517061, 1062, 1)
(531798, 1093, 1)
(531877, 1093, 1)
(531942, 1093, 1)
(531961, 1093, 1)
(532025, 1093, 1)
(532088, 1093, 1)
(523022, 1075, 1)
(523216, 1075, 1)
(523211, 1075, 1)
(523426, 1075, 1)
(523709, 1076, 1)
(523777, 1076, 1)
(184232, 379, 1)
(184343, 379, 1)
(184438, 379, 1)
(184475, 379, 1)
(184479, 379, 1)
(184879, 380, 1)
(184923, 380, 1)
(184929, 380, 1)
(184990, 380, 1)
(195925, 403, 1)
(195938, 403, 1)
(196321, 404, 1)
(196529, 404, 1)
(246385, 507, 1)
(246457, 507, 1)
(246582, 507, 1)
(246629, 507, 1)
(246714, 507, 1)
(246991, 508, 1)
(247024, 508, 1)
(247167, 508, 1)
(247186, 508, 1)
(247273, 508, 1)
(247321, 508, 1)
(267038, 549, 1)
(267055, 549, 1)
(267101, 549, 1)
(267195, 549, 1)
(267199, 549, 1)
(267296, 549, 1)
(267359, 549, 1)
(358590, 737, 1)
(358673, 737, 1)
(359105, 738, 1)
(359151, 738, 1)
(359346, 738, 1)
(360492, 741, 1)
(360571, 741, 1)
(360777, 741, 1)
(360814, 741, 1)
(360990, 742, 1)
(361378, 742, 1)
(364187, 749, 1)
(364238, 749, 1)
(364344, 749, 1)
(364514, 749, 1)
(364575, 749, 1)
(364608, 749, 1)
(364686, 750, 1)
(364754, 750, 1)
(364810, 750, 1)
(364841, 750, 1)
(364878, 750, 1)
(364964, 750, 1)
(364984, 750, 1)
(364997, 750, 1)
(368182, 757, 1)
(368418, 757, 1)
(368447, 757, 1)
(368571, 757, 1)
(368813, 758, 1)
(368952, 758, 1)
(368969, 758, 1)
(368968, 758, 1)
(369075, 758, 1)
(375047, 771, 1)
(375086, 771, 1)
(375074, 771, 1)
(375544, 772, 1)
(375657, 772, 1)
(375810, 772, 1)
(420500, 864, 1)
(420542, 864, 1)
(420744, 864, 1)
(429629, 883, 1)
(429674, 883, 1)
(429687, 883, 1)
(429835, 883, 1)
(429990, 884, 1)
(430364, 884, 1)
(444261, 913, 1)
(444288, 913, 1)
(444321, 913, 1)
(444446, 913, 1)
(444496, 913, 1)
(444507, 913, 1)
(444569, 913, 1)
(444885, 914, 1)
(444932, 914, 1)
(445083, 914, 1)
(461745, 949, 1)
(461916, 949, 1)
(462028, 949, 1)
(462145, 950, 1)
(462299, 950, 1)
(462315, 950, 1)
(462407, 950, 1)
(464664, 955, 1)
(464893, 955, 1)
(464969, 955, 1)
(465120, 956, 1)
(465235, 956, 1)
(465402, 956, 1)
(465431, 956, 1)
(465427, 956, 1)
(465481, 956, 1)
(561124, 1153, 1)
(561190, 1153, 1)
(561331, 1153, 1)
(561364, 1153, 1)
(561522, 1154, 1)
(561607, 1154, 1)
(561713, 1154, 1)
(561902, 1154, 1)
(561987, 1155, 1)
(562099, 1155, 1)
(562339, 1155, 1)
(581389, 1195, 1)
(581418, 1195, 1)
(581447, 1195, 1)
(581513, 1195, 1)
(581579, 1195, 1)
(586907, 1206, 1)
(586992, 1206, 1)
(587156, 1206, 1)
(587192, 1206, 1)
(588239, 1209, 1)
(588337, 1209, 1)
(588376, 1209, 1)
(588431, 1209, 1)
(588449, 1209, 1)
(588602, 1209, 1)
(588903, 1210, 1)
(227495, 468, 1)
(227591, 468, 1)
(227626, 468, 1)
(227809, 468, 1)
(235082, 483, 1)
(235335, 484, 1)
(235542, 484, 1)
(235549, 484, 1)
(235590, 484, 1)
(235620, 484, 1)
(235642, 484, 1)
(235726, 484, 1)
(228602, 470, 1)
(228678, 470, 1)
(228687, 470, 1)
(236799, 487, 1)
(236813, 487, 1)
(237133, 487, 1)
(237308, 488, 1)
(477356, 981, 1)
(477399, 981, 1)
(477536, 981, 1)
(477690, 981, 1)
(477715, 981, 1)
(477722, 981, 1)
(477956, 982, 1)
(478091, 982, 1)
(478120, 982, 1)
(482993, 993, 1)
(483094, 993, 1)
(483355, 993, 1)
(483376, 993, 1)
(483450, 993, 1)
(480429, 987, 1)
(480480, 987, 1)
(480616, 987, 1)
(480690, 987, 1)
(480755, 988, 1)
(480885, 988, 1)
(480886, 988, 1)
(480919, 988, 1)
(480961, 988, 1)
(481008, 988, 1)
(481082, 988, 1)
(481199, 989, 1)
(481213, 989, 1)
(481385, 989, 1)
(481437, 989, 1)
(481496, 989, 1)
(481653, 989, 1)
(481709, 990, 1)
(481777, 990, 1)
(481780, 990, 1)
(481847, 990, 1)
(481986, 990, 1)
(482009, 990, 1)
(482019, 990, 1)
(482078, 990, 1)
(482121, 990, 1)
(482140, 990, 1)
(482166, 990, 1)
(482169, 990, 1)
(502741, 1033, 1)
(502972, 1033, 1)
(503001, 1033, 1)
(503066, 1034, 1)
(503099, 1034, 1)
(503121, 1034, 1)
(503349, 1034, 1)
(503513, 1034, 1)
(503579, 1035, 1)
(503884, 1035, 1)
(503900, 1035, 1)
(504035, 1036, 1)
(504191, 1036, 1)
(504350, 1036, 1)
(527373, 1084, 1)
(527376, 1084, 1)
(527471, 1084, 1)
(527623, 1084, 1)
(527685, 1084, 1)
(534802, 1099, 1)
(535150, 1099, 1)
(535473, 1100, 1)
(535721, 1101, 1)
(535763, 1101, 1)
(536121, 1101, 1)
(536236, 1102, 1)
(536455, 1102, 1)
(544317, 1119, 1)
(544345, 1119, 1)
(544454, 1119, 1)
(544568, 1119, 1)
(544763, 1119, 1)
(556208, 1143, 1)
(556240, 1143, 1)
(556237, 1143, 1)
(556458, 1143, 1)
(556502, 1143, 1)
(556483, 1143, 1)
(556848, 1144, 1)
(556876, 1144, 1)
(564005, 1159, 1)
(564218, 1159, 1)
(564349, 1159, 1)
(564379, 1159, 1)
(564457, 1160, 1)
(564515, 1160, 1)
(564587, 1160, 1)
(564605, 1160, 1)
(564648, 1160, 1)
(564853, 1160, 1)
(564885, 1160, 1)
(570810, 1173, 1)
(570924, 1173, 1)
(571073, 1173, 1)
(571250, 1173, 1)
(571256, 1173, 1)
(571449, 1174, 1)
(571515, 1174, 1)
(571743, 1174, 1)
(571908, 1175, 1)
(571974, 1175, 1)
(571975, 1175, 1)
(572062, 1175, 1)
(572093, 1175, 1)
(572127, 1175, 1)
(572141, 1175, 1)
(572453, 1176, 1)
(572519, 1176, 1)
(580959, 1194, 1)
(581122, 1194, 1)
(581128, 1194, 1)
(581186, 1194, 1)
(581345, 1194, 1)
(583337, 1199, 1)
(583499, 1199, 1)
(583527, 1199, 1)
(583651, 1199, 1)
(583703, 1199, 1)
(583846, 1200, 1)
(585506, 1203, 1)
(585572, 1203, 1)
(585600, 1203, 1)
(585710, 1203, 1)
(585843, 1204, 1)
(586027, 1204, 1)
(586218, 1204, 1)
(586450, 1205, 1)
(586511, 1205, 1)
(586676, 1205, 1)
(586731, 1205, 1)
(10864, 23, 1)
(10978, 23, 1)
(11063, 23, 1)
(11139, 23, 1)
(11199, 23, 1)
(11282, 24, 1)
(11475, 24, 1)
(11479, 24, 1)
(11601, 24, 1)
(11622, 24, 1)
(11645, 24, 1)
(20724, 43, 1)
(20906, 43, 1)
(20966, 43, 1)
(21131, 44, 1)
(21370, 44, 1)
(21543, 44, 1)
(31170, 65, 1)
(31283, 65, 1)
(31362, 65, 1)
(31524, 65, 1)
(31682, 66, 1)
(31684, 66, 1)
(31913, 66, 1)
(31916, 66, 1)
(32004, 66, 1)
(32045, 66, 1)
(36177, 75, 1)
(36332, 75, 1)
(36352, 75, 1)
(36385, 75, 1)
(36474, 75, 1)
(36545, 75, 1)
(36586, 76, 1)
(36617, 76, 1)
(37085, 77, 1)
(37083, 77, 1)
(37251, 77, 1)
(37275, 77, 1)
(37416, 77, 1)
(37684, 78, 1)
(158822, 327, 1)
(158841, 327, 1)
(158894, 327, 1)
(158874, 327, 1)
(159017, 327, 1)
(159183, 327, 1)
(38072, 79, 1)
(38077, 79, 1)
(38214, 79, 1)
(38256, 79, 1)
(38405, 79, 1)
(38766, 80, 1)
(38813, 80, 1)
(38832, 80, 1)
(38909, 80, 1)
(38919, 80, 1)
(40295, 83, 1)
(40318, 83, 1)
(40335, 83, 1)
(40568, 84, 1)
(40754, 84, 1)
(46431, 96, 1)
(46428, 96, 1)
(46498, 96, 1)
(46722, 96, 1)
(46736, 96, 1)
(46798, 96, 1)
(46813, 96, 1)
(46814, 96, 1)
(171741, 353, 1)
(171795, 353, 1)
(171812, 353, 1)
(171855, 353, 1)
(171917, 353, 1)
(171886, 353, 1)
(172278, 354, 1)
(172344, 354, 1)
(172467, 354, 1)
(48821, 101, 1)
(48897, 101, 1)
(48938, 101, 1)
(48936, 101, 1)
(48945, 101, 1)
(49111, 101, 1)
(49132, 101, 1)
(49228, 101, 1)
(49454, 102, 1)
(49530, 102, 1)
(50793, 105, 1)
(51043, 105, 1)
(51277, 106, 1)
(51418, 106, 1)
(51454, 106, 1)
(51451, 106, 1)
(51591, 106, 1)
(151945, 313, 1)
(152093, 313, 1)
(152166, 313, 1)
(152248, 313, 1)
(152256, 313, 1)
(152535, 314, 1)
(152498, 314, 1)
(152717, 314, 1)
(152800, 314, 1)
(203858, 419, 1)
(203916, 419, 1)
(204146, 420, 1)
(204379, 420, 1)
(204594, 420, 1)
(204598, 420, 1)
(204609, 420, 1)
(174982, 360, 1)
(175056, 360, 1)
(175099, 360, 1)
(175568, 361, 1)
(175697, 361, 1)
(175783, 361, 1)
(175833, 361, 1)
(175915, 361, 1)
(175912, 361, 1)
(175950, 362, 1)
(176011, 362, 1)
(176372, 362, 1)
(178366, 367, 1)
(178509, 367, 1)
(178669, 367, 1)
(178769, 367, 1)
(178787, 367, 1)
(178824, 367, 1)
(178923, 368, 1)
(178957, 368, 1)
(178976, 368, 1)
(179112, 368, 1)
(179222, 368, 1)
(185152, 381, 1)
(185160, 381, 1)
(185245, 381, 1)
(185387, 381, 1)
(185403, 381, 1)
(185425, 381, 1)
(193870, 399, 1)
(194032, 399, 1)
(194083, 399, 1)
(194143, 399, 1)
(194280, 399, 1)
(194292, 399, 1)
(194336, 399, 1)
(194371, 400, 1)
(194376, 400, 1)
(194551, 400, 1)
(243445, 501, 1)
(243458, 501, 1)
(243552, 501, 1)
(243588, 501, 1)
(243979, 502, 1)
(244015, 502, 1)
(244264, 502, 1)
(244358, 502, 1)
(244402, 502, 1)
(256281, 527, 1)
(256435, 527, 1)
(253276, 521, 1)
(253523, 521, 1)
(253572, 521, 1)
(253616, 521, 1)
(253894, 522, 1)
(254004, 522, 1)
(254005, 522, 1)
(254157, 522, 1)
(267958, 551, 1)
(268240, 551, 1)
(268255, 551, 1)
(268385, 551, 1)
(260357, 535, 1)
(260440, 535, 1)
(260655, 536, 1)
(260822, 536, 1)
(260916, 536, 1)
(260940, 536, 1)
(271026, 557, 1)
(271148, 557, 1)
(271170, 557, 1)
(271238, 557, 1)
(271498, 558, 1)
(280022, 576, 1)
(280056, 576, 1)
(280280, 576, 1)
(280300, 576, 1)
(280395, 576, 1)
(289415, 595, 1)
(289581, 595, 1)
(289880, 596, 1)
(289913, 596, 1)
(289961, 596, 1)
(290045, 596, 1)
(290145, 596, 1)
(290163, 596, 1)
(290231, 596, 1)
(290263, 596, 1)
(518201, 1065, 1)
(518189, 1065, 1)
(518351, 1065, 1)
(518688, 1066, 1)
(518698, 1066, 1)
(518701, 1066, 1)
(518870, 1066, 1)
(518905, 1066, 1)
(530888, 1091, 1)
(530928, 1091, 1)
(530947, 1091, 1)
(530941, 1091, 1)
(531236, 1091, 1)
(531256, 1091, 1)
(33783, 70, 1)
(33881, 70, 1)
(34096, 70, 1)
(35197, 73, 1)
(35309, 73, 1)
(35508, 73, 1)
(35546, 73, 1)
(34132, 71, 1)
(34325, 71, 1)
(34440, 71, 1)
(34790, 72, 1)
(34827, 72, 1)
(34904, 72, 1)
(35049, 72, 1)
(50055, 103, 1)
(50104, 103, 1)
(50185, 103, 1)
(50239, 103, 1)
(88346, 182, 1)
(88430, 182, 1)
(88525, 182, 1)
(88560, 182, 1)
(88671, 182, 1)
(93845, 193, 1)
(93869, 193, 1)
(93897, 193, 1)
(93877, 193, 1)
(93906, 193, 1)
(94087, 194, 1)
(94103, 194, 1)
(94225, 194, 1)
(94455, 194, 1)
(155914, 321, 1)
(155913, 321, 1)
(155989, 321, 1)
(156445, 322, 1)
(169554, 349, 1)
(169829, 349, 1)
(169938, 349, 1)
(170015, 349, 1)
(170146, 350, 1)
(170173, 350, 1)
(170254, 350, 1)
(170245, 350, 1)
(170298, 350, 1)
(170463, 350, 1)
(170507, 350, 1)
(170509, 350, 1)
(162254, 334, 1)
(162283, 334, 1)
(162424, 334, 1)
(162440, 334, 1)
(167618, 345, 1)
(167669, 345, 1)
(167872, 345, 1)
(168177, 346, 1)
(168226, 346, 1)
(196859, 405, 1)
(197001, 405, 1)
(197071, 405, 1)
(197143, 405, 1)
(197236, 405, 1)
(197323, 406, 1)
(197453, 406, 1)
(197459, 406, 1)
(197561, 406, 1)
(197557, 406, 1)
(197648, 406, 1)
(198766, 409, 1)
(198986, 409, 1)
(199030, 409, 1)
(199343, 410, 1)
(199366, 410, 1)
(199581, 410, 1)
(199602, 410, 1)
(199618, 410, 1)
(199726, 410, 1)
(200332, 412, 1)
(200355, 412, 1)
(200551, 412, 1)
(200640, 412, 1)
(200720, 413, 1)
(200989, 413, 1)
(201393, 414, 1)
(201426, 414, 1)
(275610, 567, 1)
(275680, 567, 1)
(275691, 567, 1)
(276086, 568, 1)
(276156, 568, 1)
(276228, 568, 1)
(280838, 577, 1)
(281087, 578, 1)
(281200, 578, 1)
(281240, 578, 1)
(281310, 578, 1)
(281440, 578, 1)
(281531, 579, 1)
(281632, 579, 1)
(281650, 579, 1)
(281702, 579, 1)
(281737, 579, 1)
(281870, 579, 1)
(281922, 579, 1)
(282093, 580, 1)
(282199, 580, 1)
(282286, 580, 1)
(282369, 580, 1)
(282411, 580, 1)
(282423, 580, 1)
(282532, 581, 1)
(282551, 581, 1)
(282708, 581, 1)
(321115, 660, 1)
(328395, 675, 1)
(328396, 675, 1)
(328705, 675, 1)
(456790, 939, 1)
(456938, 939, 1)
(457160, 939, 1)
(457303, 940, 1)
(457324, 940, 1)
(457600, 940, 1)
(473362, 973, 1)
(473416, 973, 1)
(473422, 973, 1)
(473758, 973, 1)
(473762, 973, 1)
(473842, 973, 1)
(473916, 974, 1)
(474074, 974, 1)
(474102, 974, 1)
(474171, 974, 1)
(506563, 1041, 1)
(506566, 1041, 1)
(506660, 1041, 1)
(506680, 1041, 1)
(506734, 1041, 1)
(546784, 1124, 1)
(546925, 1124, 1)
(546947, 1124, 1)
(546999, 1124, 1)
(548584, 1127, 1)
(548758, 1128, 1)
(548811, 1128, 1)
(548945, 1128, 1)
(549000, 1128, 1)
(44919, 93, 1)
(45076, 93, 1)
(45208, 93, 1)
(45249, 93, 1)
(45247, 93, 1)
(45600, 94, 1)
(45712, 94, 1)
(46019, 95, 1)
(46044, 95, 1)
(46168, 95, 1)
(46196, 95, 1)
(46318, 95, 1)
(46321, 95, 1)
(58747, 121, 1)
(58757, 121, 1)
(58984, 121, 1)
(59131, 122, 1)
(59283, 122, 1)
(59393, 122, 1)
(59499, 122, 1)
(166765, 343, 1)
(166773, 343, 1)
(167235, 344, 1)
(167292, 344, 1)
(167408, 344, 1)
(167446, 344, 1)
(167449, 344, 1)
(77141, 159, 1)
(77520, 159, 1)
(77575, 160, 1)
(77580, 160, 1)
(77659, 160, 1)
(77677, 160, 1)
(77890, 160, 1)
(77959, 160, 1)
(78059, 161, 1)
(78416, 161, 1)
(78459, 161, 1)
(78475, 161, 1)
(177702, 365, 1)
(177799, 365, 1)
(178190, 366, 1)
(178298, 366, 1)
(181354, 373, 1)
(181507, 373, 1)
(181522, 373, 1)
(181582, 373, 1)
(181607, 374, 1)
(181882, 374, 1)
(205651, 423, 1)
(205776, 423, 1)
(205794, 423, 1)
(206007, 423, 1)
(206126, 424, 1)
(206155, 424, 1)
(206219, 424, 1)
(206366, 424, 1)
(206389, 424, 1)
(206432, 424, 1)
(248503, 511, 1)
(248709, 511, 1)
(248737, 511, 1)
(248844, 512, 1)
(248867, 512, 1)
(249075, 512, 1)
(249104, 512, 1)
(223195, 459, 1)
(223369, 459, 1)
(223363, 459, 1)
(223657, 460, 1)
(223672, 460, 1)
(223673, 460, 1)
(223910, 460, 1)
(233925, 481, 1)
(234275, 481, 1)
(254351, 523, 1)
(254459, 523, 1)
(254584, 523, 1)
(254630, 523, 1)
(254693, 523, 1)
(254729, 524, 1)
(254782, 524, 1)
(254906, 524, 1)
(255060, 524, 1)
(255096, 524, 1)
(255098, 524, 1)
(255165, 524, 1)
(265055, 545, 1)
(265189, 545, 1)
(265378, 545, 1)
(265495, 546, 1)
(265745, 546, 1)
(265811, 546, 1)
(265949, 546, 1)
(264244, 543, 1)
(264330, 543, 1)
(264503, 543, 1)
(264793, 544, 1)
(264848, 544, 1)
(266406, 547, 1)
(266420, 547, 1)
(266455, 547, 1)
(266525, 548, 1)
(266571, 548, 1)
(266623, 548, 1)
(266877, 548, 1)
(266881, 548, 1)
(266951, 548, 1)
(272854, 561, 1)
(272861, 561, 1)
(273110, 561, 1)
(273165, 562, 1)
(273317, 562, 1)
(273381, 562, 1)
(273396, 562, 1)
(285703, 587, 1)
(282948, 582, 1)
(282990, 582, 1)
(283034, 582, 1)
(283279, 582, 1)
(283325, 582, 1)
(286395, 589, 1)
(286410, 589, 1)
(286459, 589, 1)
(286621, 589, 1)
(286644, 589, 1)
(286642, 589, 1)
(286693, 589, 1)
(286726, 589, 1)
(286729, 589, 1)
(286839, 589, 1)
(287130, 590, 1)
(287181, 590, 1)
(287241, 590, 1)
(287321, 590, 1)
(317578, 653, 1)
(317610, 653, 1)
(317698, 653, 1)
(317819, 653, 1)
(317865, 653, 1)
(320552, 659, 1)
(320732, 659, 1)
(320825, 659, 1)
(320924, 659, 1)
(320959, 659, 1)
(320257, 658, 1)
(320389, 658, 1)
(320449, 658, 1)
(320444, 658, 1)
(320456, 658, 1)
(395459, 813, 1)
(395812, 813, 1)
(395835, 813, 1)
(395848, 814, 1)
(396060, 814, 1)
(396123, 814, 1)
(396194, 814, 1)
(396293, 814, 1)
(417914, 859, 1)
(417987, 859, 1)
(418315, 859, 1)
(418380, 860, 1)
(418383, 860, 1)
(418463, 860, 1)
(418665, 860, 1)
(418704, 860, 1)
(420035, 863, 1)
(420114, 863, 1)
(423171, 870, 1)
(425555, 875, 1)
(425620, 875, 1)
(425859, 875, 1)
(425986, 875, 1)
(426282, 876, 1)
(426440, 876, 1)
(426453, 876, 1)
(450674, 926, 1)
(450751, 926, 1)
(457727, 941, 1)
(457820, 941, 1)
(457948, 941, 1)
(458134, 941, 1)
(458185, 942, 1)
(458209, 942, 1)
(458214, 942, 1)
(458457, 942, 1)
(458489, 942, 1)
(458539, 942, 1)
(65312, 135, 1)
(65380, 135, 1)
(65388, 135, 1)
(65570, 135, 1)
(65576, 135, 1)
(65525, 135, 1)
(73124, 151, 1)
(73130, 151, 1)
(73142, 151, 1)
(73175, 151, 1)
(73289, 151, 1)
(73296, 151, 1)
(73386, 151, 1)
(73389, 151, 1)
(73545, 151, 1)
(73592, 151, 1)
(73690, 152, 1)
(73717, 152, 1)
(73753, 152, 1)
(71363, 147, 1)
(71469, 147, 1)
(71597, 147, 1)
(71628, 147, 1)
(71779, 148, 1)
(71787, 148, 1)
(74137, 153, 1)
(74210, 153, 1)
(74424, 153, 1)
(74596, 154, 1)
(74603, 154, 1)
(74635, 154, 1)
(74650, 154, 1)
(74733, 154, 1)
(74777, 154, 1)
(74940, 154, 1)
(80957, 167, 1)
(80981, 167, 1)
(81126, 167, 1)
(81275, 167, 1)
(81707, 168, 1)
(81733, 168, 1)
(110266, 227, 1)
(110325, 227, 1)
(110396, 227, 1)
(110545, 227, 1)
(110537, 227, 1)
(110619, 227, 1)
(110653, 228, 1)
(110846, 228, 1)
(110854, 228, 1)
(110942, 228, 1)
(110987, 228, 1)
(111048, 228, 1)
(126133, 260, 1)
(126234, 260, 1)
(126256, 260, 1)
(126458, 260, 1)
(214265, 441, 1)
(214313, 441, 1)
(214328, 441, 1)
(214470, 441, 1)
(214481, 441, 1)
(214958, 442, 1)
(130967, 269, 1)
(131104, 270, 1)
(131191, 270, 1)
(131276, 270, 1)
(131353, 270, 1)
(138444, 285, 1)
(138552, 285, 1)
(138565, 285, 1)
(138961, 286, 1)
(139040, 286, 1)
(139207, 286, 1)
(139248, 286, 1)
(133530, 275, 1)
(133559, 275, 1)
(133642, 275, 1)
(133768, 275, 1)
(134050, 276, 1)
(134290, 276, 1)
(143354, 295, 1)
(143555, 295, 1)
(143739, 295, 1)
(135463, 279, 1)
(135565, 279, 1)
(135576, 279, 1)
(135755, 279, 1)
(135799, 279, 1)
(135918, 279, 1)
(135944, 280, 1)
(136061, 280, 1)
(136274, 280, 1)
(136301, 280, 1)
(144419, 297, 1)
(144470, 297, 1)
(144851, 298, 1)
(144940, 298, 1)
(145069, 298, 1)
(145130, 298, 1)
(145143, 298, 1)
(145229, 298, 1)
(148272, 305, 1)
(148497, 305, 1)
(148708, 306, 1)
(148855, 306, 1)
(148947, 306, 1)
(149053, 306, 1)
(149099, 306, 1)
(149115, 306, 1)
(212313, 437, 1)
(212343, 437, 1)
(212448, 437, 1)
(212572, 437, 1)
(222374, 457, 1)
(222571, 458, 1)
(222742, 458, 1)
(222844, 458, 1)
(222858, 458, 1)
(222927, 458, 1)
(224197, 461, 1)
(224287, 461, 1)
(224444, 461, 1)
(224884, 462, 1)
(224903, 462, 1)
(225264, 463, 1)
(225545, 464, 1)
(225554, 464, 1)
(225992, 464, 1)
(240300, 494, 1)
(240324, 494, 1)
(240450, 494, 1)
(240597, 494, 1)
(604159, 1241, 1)
(604218, 1242, 1)
(604422, 1242, 1)
(604516, 1242, 1)
(604609, 1242, 1)
(604642, 1242, 1)
(94521, 195, 1)
(94593, 195, 1)
(94836, 195, 1)
(94913, 195, 1)
(94939, 195, 1)
(95108, 196, 1)
(95218, 196, 1)
(95264, 196, 1)
(153927, 317, 1)
(153990, 317, 1)
(154040, 317, 1)
(154090, 317, 1)
(154134, 317, 1)
(154273, 317, 1)
(154311, 317, 1)
(154608, 318, 1)
(187054, 385, 1)
(187133, 385, 1)
(187340, 385, 1)
(187380, 385, 1)
(187398, 385, 1)
(157835, 325, 1)
(157949, 325, 1)
(158170, 325, 1)
(158195, 325, 1)
(161768, 333, 1)
(161901, 333, 1)
(161974, 333, 1)
(162029, 333, 1)
(162145, 333, 1)
(162892, 335, 1)
(163083, 335, 1)
(163163, 335, 1)
(163298, 336, 1)
(163438, 336, 1)
(163531, 336, 1)
(164801, 339, 1)
(164835, 339, 1)
(165028, 339, 1)
(165078, 339, 1)
(165090, 339, 1)
(173074, 356, 1)
(173275, 356, 1)
(173390, 356, 1)
(173574, 357, 1)
(173685, 357, 1)
(173687, 357, 1)
(173942, 357, 1)
(173956, 358, 1)
(173990, 358, 1)
(174150, 358, 1)
(180481, 371, 1)
(180538, 371, 1)
(180581, 371, 1)
(180657, 371, 1)
(180668, 371, 1)
(180703, 371, 1)
(180804, 371, 1)
(180873, 372, 1)
(180900, 372, 1)
(181075, 372, 1)
(181103, 372, 1)
(188968, 389, 1)
(188966, 389, 1)
(189159, 389, 1)
(189337, 389, 1)
(189359, 389, 1)
(189387, 389, 1)
(189678, 390, 1)
(189740, 390, 1)
(189782, 390, 1)
(190468, 392, 1)
(190526, 392, 1)
(190628, 392, 1)
(190906, 392, 1)
(191406, 394, 1)
(191733, 394, 1)
(191799, 394, 1)
(203459, 418, 1)
(203483, 418, 1)
(203614, 418, 1)
(278607, 573, 1)
(278587, 573, 1)
(278630, 573, 1)
(278835, 573, 1)
(279044, 574, 1)
(279107, 574, 1)
(279325, 574, 1)
(279359, 574, 1)
(226114, 465, 1)
(226352, 465, 1)
(226513, 466, 1)
(226607, 466, 1)
(226786, 466, 1)
(226985, 467, 1)
(227128, 467, 1)
(227399, 467, 1)
(232904, 479, 1)
(233069, 479, 1)
(233216, 479, 1)
(233376, 480, 1)
(233367, 480, 1)
(233386, 480, 1)
(233431, 480, 1)
(233453, 480, 1)
(233554, 480, 1)
(233608, 480, 1)
(233701, 480, 1)
(268555, 552, 1)
(268767, 552, 1)
(268868, 552, 1)
(269205, 553, 1)
(269343, 553, 1)
(269508, 554, 1)
(269518, 554, 1)
(269649, 554, 1)
(269806, 554, 1)
(289030, 594, 1)
(289145, 594, 1)
(289251, 594, 1)
(289305, 594, 1)
(292295, 601, 1)
(292395, 601, 1)
(292399, 601, 1)
(292535, 601, 1)
(292581, 601, 1)
(292613, 601, 1)
(292881, 602, 1)
(293180, 602, 1)
(508566, 1045, 1)
(508585, 1045, 1)
(508645, 1045, 1)
(508683, 1045, 1)
(508772, 1045, 1)
(508775, 1045, 1)
(508839, 1045, 1)
(509291, 1046, 1)
(509319, 1046, 1)
(159271, 328, 1)
(159552, 328, 1)
(159616, 328, 1)
(159702, 328, 1)
(159734, 328, 1)
(188045, 387, 1)
(188120, 387, 1)
(188196, 387, 1)
(188539, 388, 1)
(188527, 388, 1)
(188590, 388, 1)
(188728, 388, 1)
(188918, 388, 1)
(197780, 407, 1)
(197882, 407, 1)
(197860, 407, 1)
(197999, 407, 1)
(198040, 407, 1)
(198177, 407, 1)
(198243, 407, 1)
(198315, 408, 1)
(198501, 408, 1)
(199761, 411, 1)
(200149, 411, 1)
(200163, 411, 1)
(200171, 411, 1)
(305850, 629, 1)
(305899, 629, 1)
(306217, 629, 1)
(306306, 630, 1)
(306540, 630, 1)
(306643, 630, 1)
(306649, 630, 1)
(306706, 630, 1)
(339966, 699, 1)
(340001, 699, 1)
(340050, 699, 1)
(340147, 699, 1)
(340382, 700, 1)
(340394, 700, 1)
(340443, 700, 1)
(340705, 700, 1)
(340798, 700, 1)
(308045, 633, 1)
(308348, 634, 1)
(308618, 634, 1)
(308719, 635, 1)
(308735, 635, 1)
(308806, 635, 1)
(308998, 635, 1)
(376003, 773, 1)
(376143, 773, 1)
(376177, 773, 1)
(376183, 773, 1)
(376274, 773, 1)
(376283, 773, 1)
(376342, 773, 1)
(376413, 773, 1)
(376545, 774, 1)
(376555, 774, 1)
(376564, 774, 1)
(376720, 774, 1)
(376770, 774, 1)
(376878, 774, 1)
(377902, 777, 1)
(378044, 777, 1)
(378071, 777, 1)
(378132, 777, 1)
(378310, 777, 1)
(378386, 777, 1)
(378550, 778, 1)
(378612, 778, 1)
(378644, 778, 1)
(378758, 778, 1)
(378829, 778, 1)
(390160, 802, 1)
(390496, 802, 1)
(390497, 802, 1)
(392519, 807, 1)
(392536, 807, 1)
(393003, 808, 1)
(393103, 808, 1)
(412136, 847, 1)
(412242, 847, 1)
(412261, 847, 1)
(412283, 847, 1)
(412309, 847, 1)
(412659, 848, 1)
(412781, 848, 1)
(412906, 848, 1)
(412959, 848, 1)
(422624, 869, 1)
(422691, 869, 1)
(422769, 869, 1)
(422809, 869, 1)
(465798, 957, 1)
(465815, 957, 1)
(465967, 957, 1)
(466192, 958, 1)
(466289, 958, 1)
(466465, 958, 1)
(499023, 1025, 1)
(499306, 1026, 1)
(499361, 1026, 1)
(499423, 1026, 1)
(499475, 1026, 1)
(499509, 1026, 1)
(541605, 1113, 1)
(541771, 1113, 1)
(541861, 1113, 1)
(541895, 1113, 1)
(541951, 1113, 1)
(541988, 1113, 1)
(542021, 1113, 1)
(542295, 1114, 1)
(542439, 1114, 1)
(542550, 1115, 1)
(542551, 1115, 1)
(542594, 1115, 1)
(542602, 1115, 1)
(542760, 1115, 1)
(542805, 1115, 1)
(542865, 1115, 1)
(542881, 1115, 1)
(542930, 1115, 1)
(542998, 1115, 1)
(543240, 1116, 1)
(549338, 1129, 1)
(549547, 1129, 1)
(549608, 1129, 1)
(549821, 1130, 1)
(549823, 1130, 1)
(549948, 1130, 1)
(549964, 1130, 1)
(549962, 1130, 1)
(550051, 1130, 1)
(550105, 1130, 1)
(550147, 1130, 1)
(552311, 1135, 1)
(552545, 1135, 1)
(552558, 1135, 1)
(552604, 1135, 1)
(552820, 1136, 1)
(552862, 1136, 1)
(552915, 1136, 1)
(578627, 1189, 1)
(578620, 1189, 1)
(578762, 1189, 1)
(578844, 1189, 1)
(580454, 1193, 1)
(580513, 1193, 1)
(580657, 1193, 1)
(594149, 1221, 1)
(594153, 1221, 1)
(594489, 1221, 1)
(594817, 1222, 1)
(594899, 1222, 1)
(594989, 1222, 1)
(600145, 1233, 1)
(600198, 1233, 1)
(600292, 1233, 1)
(600357, 1233, 1)
(201717, 415, 1)
(201783, 415, 1)
(201805, 415, 1)
(201828, 415, 1)
(201829, 415, 1)
(201852, 415, 1)
(202236, 416, 1)
(202331, 416, 1)
(202410, 416, 1)
(202478, 416, 1)
(202549, 416, 1)
(202581, 416, 1)
(242575, 499, 1)
(242604, 499, 1)
(242970, 500, 1)
(243004, 500, 1)
(243092, 500, 1)
(243091, 500, 1)
(243098, 500, 1)
(243167, 500, 1)
(243162, 500, 1)
(259226, 533, 1)
(259239, 533, 1)
(259360, 533, 1)
(259403, 533, 1)
(259409, 533, 1)
(259451, 533, 1)
(259456, 533, 1)
(259565, 533, 1)
(259650, 534, 1)
(259657, 534, 1)
(259777, 534, 1)
(259784, 534, 1)
(260055, 534, 1)
(260078, 534, 1)
(261181, 537, 1)
(261297, 537, 1)
(261330, 537, 1)
(261348, 537, 1)
(261512, 537, 1)
(261881, 538, 1)
(262506, 539, 1)
(262501, 539, 1)
(262621, 540, 1)
(262640, 540, 1)
(262735, 540, 1)
(262934, 540, 1)
(262938, 540, 1)
(279660, 575, 1)
(279861, 575, 1)
(279863, 575, 1)
(279910, 575, 1)
(338939, 697, 1)
(339079, 697, 1)
(339353, 697, 1)
(339517, 698, 1)
(339576, 698, 1)
(339598, 698, 1)
(339649, 698, 1)
(339798, 698, 1)
(339871, 698, 1)
(345780, 711, 1)
(345782, 711, 1)
(345965, 711, 1)
(346046, 711, 1)
(346217, 711, 1)
(345351, 710, 1)
(345442, 710, 1)
(345459, 710, 1)
(345696, 710, 1)
(345731, 710, 1)
(345733, 710, 1)
(345738, 710, 1)
(354597, 729, 1)
(354634, 729, 1)
(354631, 729, 1)
(354972, 729, 1)
(355297, 730, 1)
(355427, 730, 1)
(355494, 730, 1)
(351892, 723, 1)
(352010, 723, 1)
(352168, 724, 1)
(352285, 724, 1)
(352357, 724, 1)
(352363, 724, 1)
(352615, 724, 1)
(355576, 731, 1)
(355662, 731, 1)
(355819, 731, 1)
(356047, 732, 1)
(356170, 732, 1)
(356172, 732, 1)
(356279, 732, 1)
(356390, 732, 1)
(356438, 732, 1)
(366277, 753, 1)
(366419, 753, 1)
(366914, 754, 1)
(366976, 754, 1)
(367027, 754, 1)
(367110, 754, 1)
(369101, 759, 1)
(369179, 759, 1)
(369335, 759, 1)
(369343, 759, 1)
(369735, 760, 1)
(369826, 760, 1)
(418908, 861, 1)
(418959, 861, 1)
(419035, 861, 1)
(419046, 861, 1)
(419060, 861, 1)
(419139, 861, 1)
(419239, 861, 1)
(419418, 862, 1)
(419685, 862, 1)
(419718, 862, 1)
(419838, 862, 1)
(501133, 1030, 1)
(501138, 1030, 1)
(501368, 1030, 1)
(501414, 1030, 1)
(501560, 1030, 1)
(510456, 1049, 1)
(510526, 1049, 1)
(510541, 1049, 1)
(510937, 1050, 1)
(510955, 1050, 1)
(511059, 1050, 1)
(511246, 1050, 1)
(511304, 1050, 1)
(509563, 1047, 1)
(509634, 1047, 1)
(510058, 1048, 1)
(510099, 1048, 1)
(510132, 1048, 1)
(510215, 1048, 1)
(510268, 1048, 1)
(510303, 1048, 1)
(531406, 1092, 1)
(531491, 1092, 1)
(531555, 1092, 1)
(531627, 1092, 1)
(531648, 1092, 1)
(543386, 1117, 1)
(543538, 1117, 1)
(543640, 1117, 1)
(543834, 1118, 1)
(543878, 1118, 1)
(543912, 1118, 1)
(544014, 1118, 1)
(544055, 1118, 1)
(544250, 1118, 1)
(544294, 1118, 1)
(533824, 1097, 1)
(533950, 1097, 1)
(534057, 1097, 1)
(534111, 1097, 1)
(534172, 1097, 1)
(534616, 1098, 1)
(534643, 1098, 1)
(534667, 1098, 1)
(537689, 1105, 1)
(537925, 1105, 1)
(538164, 1106, 1)
(538287, 1106, 1)
(244584, 503, 1)
(244907, 503, 1)
(245016, 504, 1)
(245021, 504, 1)
(245074, 504, 1)
(245133, 504, 1)
(245142, 504, 1)
(245197, 504, 1)
(245264, 504, 1)
(245292, 504, 1)
(249457, 513, 1)
(249467, 513, 1)
(249430, 513, 1)
(249524, 513, 1)
(249640, 513, 1)
(249793, 513, 1)
(249792, 513, 1)
(249914, 514, 1)
(249936, 514, 1)
(249949, 514, 1)
(250198, 514, 1)
(274616, 565, 1)
(274679, 565, 1)
(274709, 565, 1)
(274720, 565, 1)
(274731, 565, 1)
(274734, 565, 1)
(274746, 565, 1)
(274811, 565, 1)
(274812, 565, 1)
(274885, 565, 1)
(274914, 565, 1)
(275023, 565, 1)
(275055, 565, 1)
(275064, 565, 1)
(275137, 566, 1)
(275213, 566, 1)
(275221, 566, 1)
(275426, 566, 1)
(276664, 569, 1)
(276899, 569, 1)
(276896, 569, 1)
(277083, 570, 1)
(277231, 570, 1)
(277290, 570, 1)
(277297, 570, 1)
(277520, 570, 1)
(301858, 621, 1)
(302012, 621, 1)
(302028, 621, 1)
(302075, 621, 1)
(302093, 621, 1)
(302189, 621, 1)
(302682, 622, 1)
(302756, 622, 1)
(302760, 622, 1)
(313676, 645, 1)
(313719, 645, 1)
(313991, 645, 1)
(314086, 645, 1)
(314089, 645, 1)
(314573, 646, 1)
(413104, 849, 1)
(413288, 849, 1)
(413328, 849, 1)
(413323, 849, 1)
(413362, 849, 1)
(413477, 850, 1)
(413527, 850, 1)
(413552, 850, 1)
(413703, 850, 1)
(413771, 850, 1)
(413783, 850, 1)
(413845, 850, 1)
(416974, 857, 1)
(417120, 857, 1)
(417253, 857, 1)
(417313, 857, 1)
(417337, 857, 1)
(417338, 857, 1)
(433965, 892, 1)
(434034, 892, 1)
(434200, 892, 1)
(434236, 892, 1)
(434263, 892, 1)
(434255, 892, 1)
(436351, 897, 1)
(436458, 897, 1)
(436448, 897, 1)
(436495, 897, 1)
(436553, 897, 1)
(436623, 897, 1)
(436914, 898, 1)
(437122, 898, 1)
(437200, 898, 1)
(437225, 898, 1)
(468962, 964, 1)
(469001, 964, 1)
(469042, 964, 1)
(469197, 964, 1)
(469399, 964, 1)
(469411, 964, 1)
(476388, 979, 1)
(476409, 979, 1)
(476429, 979, 1)
(476542, 979, 1)
(476628, 979, 1)
(476743, 979, 1)
(476808, 980, 1)
(476816, 980, 1)
(477055, 980, 1)
(477238, 980, 1)
(472493, 971, 1)
(472736, 971, 1)
(472966, 972, 1)
(472992, 972, 1)
(473301, 972, 1)
(486972, 1001, 1)
(487191, 1001, 1)
(487208, 1001, 1)
(487214, 1001, 1)
(487255, 1001, 1)
(487360, 1001, 1)
(485140, 997, 1)
(485249, 997, 1)
(485309, 997, 1)
(485298, 997, 1)
(485354, 997, 1)
(485463, 998, 1)
(485489, 998, 1)
(485763, 998, 1)
(485773, 998, 1)
(485828, 998, 1)
(485999, 999, 1)
(486019, 999, 1)
(486153, 999, 1)
(486211, 999, 1)
(486216, 999, 1)
(486319, 999, 1)
(486385, 999, 1)
(486542, 1000, 1)
(486545, 1000, 1)
(486680, 1000, 1)
(486700, 1000, 1)
(490801, 1009, 1)
(490966, 1009, 1)
(490970, 1009, 1)
(491228, 1009, 1)
(491558, 1010, 1)
(491712, 1010, 1)
(494732, 1017, 1)
(494799, 1017, 1)
(494903, 1017, 1)
(495001, 1017, 1)
(496738, 1021, 1)
(496745, 1021, 1)
(496979, 1021, 1)
(497080, 1021, 1)
(497311, 1022, 1)
(497309, 1022, 1)
(497365, 1022, 1)
(499938, 1027, 1)
(499944, 1027, 1)
(499951, 1027, 1)
(500050, 1027, 1)
(544883, 1120, 1)
(545121, 1120, 1)
(545114, 1120, 1)
(545204, 1120, 1)
(545212, 1120, 1)
(545219, 1120, 1)
(545215, 1120, 1)
(545386, 1121, 1)
(545552, 1121, 1)
(545630, 1121, 1)
(545656, 1121, 1)
(545986, 1122, 1)
(546055, 1122, 1)
(546065, 1122, 1)
(546189, 1122, 1)
(596058, 1225, 1)
(596200, 1225, 1)
(596595, 1226, 1)
(596910, 1226, 1)
(596943, 1226, 1)
(596956, 1226, 1)
(597020, 1226, 1)
(302836, 623, 1)
(302982, 623, 1)
(303128, 623, 1)
(303134, 623, 1)
(303203, 623, 1)
(303364, 624, 1)
(303461, 624, 1)
(303532, 624, 1)
(303767, 624, 1)
(303795, 624, 1)
(303804, 624, 1)
(306884, 631, 1)
(306975, 631, 1)
(307114, 631, 1)
(307192, 631, 1)
(307220, 631, 1)
(307244, 632, 1)
(307714, 632, 1)
(314593, 647, 1)
(314621, 647, 1)
(314775, 647, 1)
(315188, 648, 1)
(315240, 648, 1)
(315241, 648, 1)
(315480, 648, 1)
(318515, 655, 1)
(318545, 655, 1)
(318642, 655, 1)
(318660, 655, 1)
(318832, 655, 1)
(319008, 656, 1)
(319020, 656, 1)
(319226, 656, 1)
(319229, 656, 1)
(319354, 656, 1)
(316636, 651, 1)
(316734, 651, 1)
(316778, 651, 1)
(317269, 652, 1)
(317261, 652, 1)
(317307, 652, 1)
(317390, 652, 1)
(317524, 652, 1)
(319656, 657, 1)
(319755, 657, 1)
(319945, 657, 1)
(393441, 809, 1)
(393561, 809, 1)
(393637, 809, 1)
(393696, 809, 1)
(393776, 809, 1)
(393986, 810, 1)
(394002, 810, 1)
(394079, 810, 1)
(394113, 810, 1)
(394144, 810, 1)
(394164, 810, 1)
(394258, 810, 1)
(398384, 819, 1)
(398397, 819, 1)
(398685, 819, 1)
(463560, 953, 1)
(463716, 953, 1)
(464101, 954, 1)
(464305, 954, 1)
(464342, 954, 1)
(464395, 954, 1)
(467665, 961, 1)
(467796, 961, 1)
(468308, 962, 1)
(468305, 962, 1)
(514361, 1057, 1)
(514593, 1057, 1)
(514603, 1057, 1)
(514738, 1058, 1)
(514785, 1058, 1)
(514829, 1058, 1)
(515013, 1058, 1)
(524008, 1077, 1)
(524118, 1077, 1)
(524290, 1077, 1)
(524336, 1077, 1)
(524401, 1077, 1)
(524438, 1078, 1)
(524563, 1078, 1)
(524595, 1078, 1)
(524644, 1078, 1)
(524772, 1078, 1)
(524851, 1078, 1)
(558699, 1148, 1)
(558686, 1148, 1)
(558710, 1148, 1)
(560117, 1151, 1)
(560168, 1151, 1)
(560236, 1151, 1)
(560348, 1151, 1)
(560477, 1151, 1)
(560577, 1152, 1)
(560636, 1152, 1)
(560896, 1152, 1)
(563470, 1158, 1)
(563595, 1158, 1)
(563601, 1158, 1)
(563877, 1158, 1)
(563904, 1158, 1)
(573581, 1179, 1)
(573714, 1179, 1)
(573830, 1179, 1)
(573959, 1179, 1)
(574069, 1180, 1)
(574100, 1180, 1)
(574118, 1180, 1)
(574412, 1180, 1)
(1026, 3, 1)
(1093, 3, 1)
(1111, 3, 1)
(1210, 3, 1)
(1352, 3, 1)
(1570, 4, 1)
(1585, 4, 1)
(1824, 4, 1)
(1847, 4, 1)
(1969, 5, 1)
(2009, 5, 1)
(1992, 5, 1)
(2067, 5, 1)
(2282, 5, 1)
(2778, 6, 1)
(2891, 6, 1)
(2927, 6, 1)
(27607, 57, 1)
(27764, 57, 1)
(27791, 57, 1)
(238822, 491, 1)
(238870, 491, 1)
(238985, 491, 1)
(239285, 492, 1)
(239364, 492, 1)
(239379, 492, 1)
(239454, 492, 1)
(250400, 515, 1)
(250482, 515, 1)
(250534, 515, 1)
(250560, 515, 1)
(250645, 515, 1)
(250679, 515, 1)
(250984, 516, 1)
(251019, 516, 1)
(251213, 516, 1)
(251249, 516, 1)
(267494, 550, 1)
(267511, 550, 1)
(267524, 550, 1)
(267556, 550, 1)
(267606, 550, 1)
(283618, 583, 1)
(284070, 584, 1)
(284071, 584, 1)
(284077, 584, 1)
(284142, 584, 1)
(284202, 584, 1)
(284247, 584, 1)
(284256, 584, 1)
(284290, 584, 1)
(284361, 584, 1)
(312487, 642, 1)
(312564, 642, 1)
(335065, 689, 1)
(335112, 689, 1)
(335180, 689, 1)
(335369, 689, 1)
(312724, 643, 1)
(312768, 643, 1)
(313156, 644, 1)
(313304, 644, 1)
(313594, 644, 1)
(313600, 644, 1)
(327334, 673, 1)
(327402, 673, 1)
(327426, 673, 1)
(327548, 673, 1)
(327683, 673, 1)
(328114, 674, 1)
(328247, 674, 1)
(328234, 674, 1)
(328255, 674, 1)
(328274, 674, 1)
(348741, 717, 1)
(348749, 717, 1)
(348778, 717, 1)
(348873, 717, 1)
(349013, 717, 1)
(349048, 717, 1)
(349136, 717, 1)
(349333, 718, 1)
(349367, 718, 1)
(349486, 718, 1)
(363229, 747, 1)
(363676, 747, 1)
(363744, 748, 1)
(363820, 748, 1)
(364036, 748, 1)
(364044, 748, 1)
(364120, 748, 1)
(405749, 834, 1)
(405758, 834, 1)
(406019, 834, 1)
(406102, 834, 1)
(406160, 835, 1)
(406307, 835, 1)
(406419, 835, 1)
(406451, 835, 1)
(406479, 835, 1)
(407032, 836, 1)
(452946, 931, 1)
(452992, 931, 1)
(453402, 932, 1)
(453465, 932, 1)
(453498, 932, 1)
(453659, 932, 1)
(474366, 975, 1)
(474869, 976, 1)
(474917, 976, 1)
(474946, 976, 1)
(475108, 976, 1)
(469529, 965, 1)
(469738, 965, 1)
(469947, 966, 1)
(470334, 966, 1)
(470408, 966, 1)
(470682, 967, 1)
(470821, 967, 1)
(470847, 967, 1)
(470923, 968, 1)
(470977, 968, 1)
(470973, 968, 1)
(471206, 968, 1)
(471628, 969, 1)
(471619, 969, 1)
(471640, 969, 1)
(471688, 969, 1)
(472010, 970, 1)
(472127, 970, 1)
(483510, 994, 1)
(483602, 994, 1)
(483660, 994, 1)
(483705, 994, 1)
(483706, 994, 1)
(483789, 994, 1)
(483795, 994, 1)
(490096, 1007, 1)
(490093, 1007, 1)
(490152, 1007, 1)
(490251, 1007, 1)
(490328, 1008, 1)
(490460, 1008, 1)
(490513, 1008, 1)
(490532, 1008, 1)
(490748, 1008, 1)
(490769, 1008, 1)
(506979, 1042, 1)
(507032, 1042, 1)
(507073, 1042, 1)
(507196, 1042, 1)
(507234, 1042, 1)
(507572, 1043, 1)
(507663, 1043, 1)
(507729, 1043, 1)
(508227, 1044, 1)
(508297, 1044, 1)
(508360, 1044, 1)
(513602, 1055, 1)
(513915, 1056, 1)
(513931, 1056, 1)
(514125, 1056, 1)
(521032, 1071, 1)
(521486, 1072, 1)
(521580, 1072, 1)
(521604, 1072, 1)
(521646, 1072, 1)
(521749, 1072, 1)
(517103, 1063, 1)
(517139, 1063, 1)
(517394, 1063, 1)
(517429, 1063, 1)
(517634, 1064, 1)
(517657, 1064, 1)
(517758, 1064, 1)
(517953, 1064, 1)
(517993, 1064, 1)
(518017, 1064, 1)
(524939, 1079, 1)
(524978, 1079, 1)
(525002, 1079, 1)
(525102, 1079, 1)
(525229, 1079, 1)
(525298, 1079, 1)
(525316, 1079, 1)
(525551, 1080, 1)
(525656, 1080, 1)
(525662, 1080, 1)
(525750, 1080, 1)
(525812, 1080, 1)
(525844, 1080, 1)
(525883, 1080, 1)
(6931, 15, 1)
(6934, 15, 1)
(7007, 15, 1)
(7032, 15, 1)
(7139, 15, 1)
(7282, 15, 1)
(7448, 16, 1)
(7593, 16, 1)
(7678, 16, 1)
(8858, 19, 1)
(9053, 19, 1)
(9067, 19, 1)
(9078, 19, 1)
(9335, 20, 1)
(9555, 20, 1)
(9701, 20, 1)
(160528, 330, 1)
(160582, 330, 1)
(160718, 330, 1)
(160762, 331, 1)
(160842, 331, 1)
(160847, 331, 1)
(160936, 331, 1)
(160959, 331, 1)
(161052, 331, 1)
(208652, 429, 1)
(209103, 430, 1)
(209221, 430, 1)
(209340, 430, 1)
(209347, 430, 1)
(245573, 505, 1)
(245639, 505, 1)
(245795, 505, 1)
(245793, 505, 1)
(245838, 505, 1)
(245883, 505, 1)
(213366, 439, 1)
(213353, 439, 1)
(213396, 439, 1)
(213721, 439, 1)
(213791, 440, 1)
(213875, 440, 1)
(213987, 440, 1)
(214014, 440, 1)
(214016, 440, 1)
(214070, 440, 1)
(214167, 440, 1)
(216623, 445, 1)
(216904, 446, 1)
(217097, 446, 1)
(217171, 446, 1)
(217170, 446, 1)
(263043, 541, 1)
(263155, 541, 1)
(263151, 541, 1)
(263200, 541, 1)
(263300, 541, 1)
(263446, 541, 1)
(263487, 541, 1)
(263842, 542, 1)
(263881, 542, 1)
(263898, 542, 1)
(263941, 542, 1)
(263971, 542, 1)
(272051, 559, 1)
(272058, 559, 1)
(272157, 560, 1)
(272200, 560, 1)
(272380, 560, 1)
(290403, 597, 1)
(290399, 597, 1)
(290571, 597, 1)
(290975, 598, 1)
(291185, 598, 1)
(296209, 609, 1)
(296220, 609, 1)
(296331, 609, 1)
(296405, 609, 1)
(296425, 609, 1)
(296533, 609, 1)
(296565, 609, 1)
(296654, 609, 1)
(296691, 610, 1)
(297019, 610, 1)
(297054, 610, 1)
(321480, 661, 1)
(321561, 661, 1)
(321736, 661, 1)
(321765, 661, 1)
(321802, 661, 1)
(321822, 661, 1)
(321874, 661, 1)
(321942, 662, 1)
(321941, 662, 1)
(322036, 662, 1)
(322231, 662, 1)
(322242, 662, 1)
(322402, 662, 1)
(323500, 665, 1)
(323764, 665, 1)
(323832, 665, 1)
(324138, 666, 1)
(324309, 666, 1)
(378969, 779, 1)
(379177, 779, 1)
(379211, 779, 1)
(379303, 779, 1)
(379448, 780, 1)
(379552, 780, 1)
(379637, 780, 1)
(379676, 780, 1)
(383870, 789, 1)
(383924, 789, 1)
(383935, 789, 1)
(384024, 789, 1)
(384248, 789, 1)
(384280, 790, 1)
(384367, 790, 1)
(384351, 790, 1)
(384537, 790, 1)
(391782, 805, 1)
(392194, 806, 1)
(392220, 806, 1)
(392232, 806, 1)
(392229, 806, 1)
(392260, 806, 1)
(532437, 1094, 1)
(532450, 1094, 1)
(532470, 1094, 1)
(532486, 1094, 1)
(533021, 1095, 1)
(533171, 1095, 1)
(533221, 1095, 1)
(533364, 1096, 1)
(533527, 1096, 1)
(533533, 1096, 1)
(533649, 1096, 1)
(533690, 1096, 1)
(566898, 1165, 1)
(566918, 1165, 1)
(566969, 1165, 1)
(567059, 1165, 1)
(567183, 1165, 1)
(567190, 1165, 1)
(567431, 1166, 1)
(567474, 1166, 1)
(567614, 1166, 1)
(567652, 1166, 1)
(567692, 1166, 1)
(567703, 1166, 1)
(567718, 1166, 1)
(567739, 1166, 1)
(602928, 1239, 1)
(603160, 1239, 1)
(603219, 1239, 1)
(603418, 1240, 1)
(603502, 1240, 1)
(603585, 1240, 1)
(603638, 1240, 1)
(7980, 17, 1)
(8263, 17, 1)
(8282, 17, 1)
(8369, 18, 1)
(8464, 18, 1)
(8600, 18, 1)
(8628, 18, 1)
(14813, 31, 1)
(14837, 31, 1)
(14845, 31, 1)
(14938, 31, 1)
(15036, 31, 1)
(15041, 31, 1)
(15254, 32, 1)
(15377, 32, 1)
(15515, 32, 1)
(15534, 32, 1)
(15657, 32, 1)
(270012, 555, 1)
(270095, 555, 1)
(270155, 555, 1)
(270381, 555, 1)
(270697, 556, 1)
(273632, 563, 1)
(273747, 563, 1)
(273780, 563, 1)
(273833, 563, 1)
(273853, 563, 1)
(274072, 563, 1)
(274047, 563, 1)
(274270, 564, 1)
(274407, 564, 1)
(361542, 743, 1)
(361597, 743, 1)
(361927, 744, 1)
(362050, 744, 1)
(362192, 744, 1)
(362211, 744, 1)
(370131, 761, 1)
(370249, 761, 1)
(370379, 761, 1)
(370502, 761, 1)
(370555, 762, 1)
(370600, 762, 1)
(370759, 762, 1)
(372060, 765, 1)
(372250, 765, 1)
(372569, 766, 1)
(372641, 766, 1)
(372699, 766, 1)
(372953, 766, 1)
(423636, 871, 1)
(423649, 871, 1)
(423794, 871, 1)
(423845, 871, 1)
(423847, 871, 1)
(424064, 872, 1)
(424112, 872, 1)
(424194, 872, 1)
(385816, 793, 1)
(385971, 793, 1)
(386074, 793, 1)
(386321, 794, 1)
(386550, 794, 1)
(386570, 794, 1)
(386631, 794, 1)
(386645, 794, 1)
(386678, 794, 1)
(388942, 799, 1)
(389004, 799, 1)
(389010, 799, 1)
(389038, 799, 1)
(410068, 843, 1)
(410148, 843, 1)
(410370, 843, 1)
(410373, 843, 1)
(410497, 843, 1)
(410546, 844, 1)
(410616, 844, 1)
(410620, 844, 1)
(413973, 851, 1)
(414077, 851, 1)
(414427, 851, 1)
(414431, 851, 1)
(414439, 851, 1)
(414620, 852, 1)
(414856, 852, 1)
(415219, 853, 1)
(415245, 853, 1)
(415342, 853, 1)
(415386, 853, 1)
(415465, 854, 1)
(415471, 854, 1)
(415667, 854, 1)
(415820, 854, 1)
(415874, 854, 1)
(415886, 854, 1)
(416032, 855, 1)
(416086, 855, 1)
(416144, 855, 1)
(416207, 855, 1)
(416337, 855, 1)
(416537, 856, 1)
(416600, 856, 1)
(416743, 856, 1)
(416835, 856, 1)
(437415, 899, 1)
(437664, 899, 1)
(438014, 900, 1)
(438090, 900, 1)
(438088, 900, 1)
(438223, 900, 1)
(438293, 901, 1)
(438414, 901, 1)
(438450, 901, 1)
(438645, 901, 1)
(438739, 901, 1)
(441301, 907, 1)
(441333, 907, 1)
(441363, 907, 1)
(441499, 907, 1)
(441694, 907, 1)
(441827, 908, 1)
(441928, 908, 1)
(441953, 908, 1)
(441966, 908, 1)
(442166, 908, 1)
(442190, 908, 1)
(450037, 925, 1)
(450052, 925, 1)
(449174, 923, 1)
(449214, 923, 1)
(449288, 923, 1)
(449282, 923, 1)
(449523, 923, 1)
(449540, 923, 1)
(449602, 924, 1)
(449699, 924, 1)
(449735, 924, 1)
(449994, 924, 1)
(453790, 933, 1)
(454052, 933, 1)
(454265, 934, 1)
(454340, 934, 1)
(454468, 934, 1)
(454506, 934, 1)
(454509, 934, 1)
(454618, 934, 1)
(454634, 934, 1)
(454684, 934, 1)
(454709, 934, 1)
(466764, 959, 1)
(466855, 959, 1)
(467193, 960, 1)
(467421, 960, 1)
(468525, 963, 1)
(468676, 963, 1)
(468728, 963, 1)
(468777, 963, 1)
(468822, 963, 1)
(475485, 977, 1)
(475571, 977, 1)
(475580, 977, 1)
(475666, 977, 1)
(475682, 977, 1)
(475713, 977, 1)
(475821, 978, 1)
(475993, 978, 1)
(476141, 978, 1)
(476256, 978, 1)
(476285, 978, 1)
(478306, 983, 1)
(478714, 983, 1)
(478798, 984, 1)
(478996, 984, 1)
(479092, 984, 1)
(479170, 984, 1)
(491814, 1011, 1)
(491851, 1011, 1)
(491885, 1011, 1)
(491956, 1011, 1)
(491995, 1011, 1)
(492016, 1011, 1)
(492315, 1012, 1)
(492316, 1012, 1)
(492616, 1012, 1)
(492629, 1012, 1)
(492714, 1012, 1)
(495804, 1019, 1)
(495880, 1019, 1)
(496039, 1019, 1)
(496064, 1019, 1)
(536828, 1103, 1)
(537070, 1103, 1)
(537101, 1103, 1)
(537645, 1104, 1)
(538729, 1107, 1)
(539330, 1108, 1)
(539560, 1108, 1)
(24842, 51, 1)
(25020, 52, 1)
(25245, 52, 1)
(25290, 52, 1)
(25297, 52, 1)
(25334, 52, 1)
(25352, 52, 1)
(25514, 53, 1)
(25591, 53, 1)
(25659, 53, 1)
(25830, 53, 1)
(25940, 53, 1)
(26327, 54, 1)
(26424, 54, 1)
(26458, 54, 1)
(61554, 127, 1)
(61761, 127, 1)
(62082, 128, 1)
(62085, 128, 1)
(62116, 128, 1)
(62099, 128, 1)
(62154, 128, 1)
(62204, 128, 1)
(62410, 129, 1)
(62479, 129, 1)
(62859, 130, 1)
(62867, 130, 1)
(63419, 131, 1)
(63480, 131, 1)
(63507, 131, 1)
(63571, 131, 1)
(63593, 131, 1)
(63682, 131, 1)
(63760, 131, 1)
(63856, 132, 1)
(63887, 132, 1)
(64104, 132, 1)
(64154, 132, 1)
(64257, 132, 1)
(75134, 155, 1)
(75510, 155, 1)
(66263, 137, 1)
(66423, 137, 1)
(66432, 137, 1)
(66500, 137, 1)
(66497, 137, 1)
(66573, 137, 1)
(66864, 138, 1)
(67156, 138, 1)
(67192, 138, 1)
(70380, 145, 1)
(70567, 145, 1)
(70710, 146, 1)
(70789, 146, 1)
(70861, 146, 1)
(70889, 146, 1)
(71005, 146, 1)
(75570, 156, 1)
(75710, 156, 1)
(75740, 156, 1)
(75823, 156, 1)
(76011, 156, 1)
(76021, 156, 1)
(76094, 157, 1)
(76097, 157, 1)
(76141, 157, 1)
(76214, 157, 1)
(76377, 157, 1)
(76398, 157, 1)
(76410, 157, 1)
(76430, 157, 1)
(76451, 157, 1)
(76607, 158, 1)
(76799, 158, 1)
(83996, 173, 1)
(84161, 173, 1)
(84357, 173, 1)
(84423, 174, 1)
(84578, 174, 1)
(84591, 174, 1)
(86884, 179, 1)
(86871, 179, 1)
(86928, 179, 1)
(86931, 179, 1)
(87100, 179, 1)
(87687, 180, 1)
(87742, 180, 1)
(85002, 175, 1)
(85007, 175, 1)
(85469, 176, 1)
(85603, 176, 1)
(85705, 176, 1)
(85720, 176, 1)
(85765, 176, 1)
(128585, 265, 1)
(128598, 265, 1)
(128690, 265, 1)
(128804, 265, 1)
(129017, 265, 1)
(129058, 265, 1)
(89995, 185, 1)
(90110, 185, 1)
(90151, 185, 1)
(90193, 185, 1)
(90238, 185, 1)
(90309, 186, 1)
(90404, 186, 1)
(99397, 205, 1)
(99640, 205, 1)
(99671, 205, 1)
(99695, 205, 1)
(99710, 205, 1)
(99780, 205, 1)
(99828, 205, 1)
(100194, 206, 1)
(100193, 206, 1)
(95658, 197, 1)
(95871, 197, 1)
(95915, 197, 1)
(96182, 198, 1)
(96186, 198, 1)
(96200, 198, 1)
(96240, 198, 1)
(96337, 198, 1)
(96321, 198, 1)
(96357, 198, 1)
(96428, 198, 1)
(96430, 198, 1)
(96617, 199, 1)
(96749, 199, 1)
(96817, 199, 1)
(102418, 211, 1)
(102504, 211, 1)
(102516, 211, 1)
(102554, 211, 1)
(102617, 211, 1)
(102611, 211, 1)
(102656, 211, 1)
(102689, 211, 1)
(102854, 212, 1)
(102876, 212, 1)
(102904, 212, 1)
(102955, 212, 1)
(103027, 212, 1)
(103196, 212, 1)
(120026, 247, 1)
(120163, 247, 1)
(120207, 247, 1)
(120284, 247, 1)
(120509, 248, 1)
(120714, 248, 1)
(106949, 220, 1)
(107116, 220, 1)
(107261, 221, 1)
(107367, 221, 1)
(107378, 221, 1)
(107617, 221, 1)
(107632, 221, 1)
(107701, 221, 1)
(107822, 222, 1)
(107971, 222, 1)
(108040, 222, 1)
(108126, 222, 1)
(109245, 225, 1)
(109291, 225, 1)
(109576, 225, 1)
(109627, 225, 1)
(109684, 226, 1)
(109697, 226, 1)
(109760, 226, 1)
(109934, 226, 1)
(109965, 226, 1)
(110014, 226, 1)
(110048, 226, 1)
(110065, 226, 1)
(112161, 231, 1)
(129134, 266, 1)
(129280, 266, 1)
(129502, 266, 1)
(132587, 273, 1)
(132729, 273, 1)
(132893, 273, 1)
(133010, 274, 1)
(133121, 274, 1)
(133327, 274, 1)
(133349, 274, 1)
(133382, 274, 1)
(133461, 274, 1)
(134746, 277, 1)
(134798, 277, 1)
(134971, 278, 1)
(135176, 278, 1)
(135324, 278, 1)
(135361, 278, 1)
(135369, 278, 1)
(135395, 278, 1)
(136425, 281, 1)
(136626, 281, 1)
(136630, 281, 1)
(136859, 281, 1)
(136978, 282, 1)
(137025, 282, 1)
(137040, 282, 1)
(137234, 282, 1)
(137213, 282, 1)
(137275, 282, 1)
(137376, 282, 1)
(137437, 283, 1)
(137490, 283, 1)
(137664, 283, 1)
(137778, 283, 1)
(138045, 284, 1)
(138181, 284, 1)
(138189, 284, 1)
(85851, 177, 1)
(85866, 177, 1)
(86058, 177, 1)
(86106, 177, 1)
(86130, 177, 1)
(86150, 177, 1)
(86419, 178, 1)
(86486, 178, 1)
(86563, 178, 1)
(86628, 178, 1)
(92064, 190, 1)
(92156, 190, 1)
(92228, 190, 1)
(92261, 190, 1)
(92299, 190, 1)
(343874, 707, 1)
(344073, 707, 1)
(344144, 707, 1)
(344323, 708, 1)
(344446, 708, 1)
(344456, 708, 1)
(344529, 708, 1)
(344636, 708, 1)
(515141, 1059, 1)
(515280, 1059, 1)
(515528, 1059, 1)
(515862, 1060, 1)
(516036, 1060, 1)
(349988, 719, 1)
(350079, 719, 1)
(350186, 720, 1)
(350222, 720, 1)
(350288, 720, 1)
(350683, 721, 1)
(350792, 721, 1)
(350964, 721, 1)
(350951, 721, 1)
(351016, 721, 1)
(351134, 721, 1)
(351293, 722, 1)
(351412, 722, 1)
(351450, 722, 1)
(374034, 769, 1)
(374202, 769, 1)
(374211, 769, 1)
(374315, 769, 1)
(376956, 775, 1)
(377027, 775, 1)
(377104, 775, 1)
(377146, 775, 1)
(377276, 775, 1)
(377599, 776, 1)
(377796, 776, 1)
(377828, 776, 1)
(394451, 811, 1)
(394461, 811, 1)
(394501, 811, 1)
(394524, 811, 1)
(394724, 811, 1)
(394766, 811, 1)
(394777, 811, 1)
(394866, 812, 1)
(394881, 812, 1)
(394913, 812, 1)
(395009, 812, 1)
(395061, 812, 1)
(395076, 812, 1)
(395265, 812, 1)
(408091, 839, 1)
(408223, 839, 1)
(408346, 839, 1)
(397426, 817, 1)
(397492, 817, 1)
(397607, 817, 1)
(397726, 817, 1)
(398005, 818, 1)
(398129, 818, 1)
(398160, 818, 1)
(398183, 818, 1)
(399300, 821, 1)
(399494, 821, 1)
(401435, 825, 1)
(401581, 825, 1)
(401687, 825, 1)
(401720, 826, 1)
(401727, 826, 1)
(401765, 826, 1)
(401887, 826, 1)
(402076, 826, 1)
(402105, 826, 1)
(402142, 826, 1)
(402153, 826, 1)
(404402, 831, 1)
(404407, 831, 1)
(404650, 831, 1)
(404842, 832, 1)
(404901, 832, 1)
(404910, 832, 1)
(432670, 889, 1)
(432750, 889, 1)
(432902, 890, 1)
(432952, 890, 1)
(432987, 890, 1)
(433004, 890, 1)
(433150, 890, 1)
(433340, 890, 1)
(434454, 893, 1)
(434519, 893, 1)
(434639, 893, 1)
(434626, 893, 1)
(434647, 893, 1)
(434783, 893, 1)
(434897, 894, 1)
(435004, 894, 1)
(435078, 894, 1)
(435142, 894, 1)
(435228, 894, 1)
(435263, 894, 1)
(435327, 894, 1)
(435391, 895, 1)
(435439, 895, 1)
(435498, 895, 1)
(445331, 915, 1)
(445570, 915, 1)
(445786, 916, 1)
(445900, 916, 1)
(445899, 916, 1)
(445937, 916, 1)
(445950, 916, 1)
(446000, 916, 1)
(445990, 916, 1)
(446008, 916, 1)
(446032, 916, 1)
(446038, 916, 1)
(446051, 916, 1)
(553154, 1137, 1)
(553247, 1137, 1)
(553243, 1137, 1)
(553328, 1137, 1)
(553361, 1137, 1)
(553539, 1137, 1)
(553635, 1138, 1)
(553907, 1138, 1)
(554034, 1138, 1)
(555514, 1141, 1)
(555640, 1142, 1)
(555717, 1142, 1)
(555714, 1142, 1)
(555910, 1142, 1)
(555999, 1142, 1)
(556065, 1142, 1)
(572990, 1177, 1)
(572993, 1177, 1)
(573171, 1177, 1)
(573249, 1178, 1)
(573315, 1178, 1)
(573389, 1178, 1)
(573426, 1178, 1)
(573434, 1178, 1)
(573480, 1178, 1)
(584435, 1201, 1)
(584526, 1201, 1)
(584721, 1201, 1)
(584742, 1201, 1)
(584942, 1202, 1)
(584925, 1202, 1)
(585138, 1202, 1)
(585215, 1202, 1)
(592669, 1218, 1)
(597071, 1227, 1)
(597202, 1227, 1)
(597381, 1227, 1)
(597404, 1227, 1)
(597619, 1228, 1)
(597630, 1228, 1)
(597629, 1228, 1)
(597907, 1228, 1)
(597990, 1228, 1)
(285994, 588, 1)
(286057, 588, 1)
(286292, 588, 1)
(295411, 607, 1)
(295613, 607, 1)
(295664, 607, 1)
(295911, 608, 1)
(295915, 608, 1)
(353675, 727, 1)
(353808, 727, 1)
(353995, 727, 1)
(354017, 727, 1)
(354068, 727, 1)
(354222, 728, 1)
(354505, 728, 1)
(354575, 728, 1)
(365366, 751, 1)
(365419, 751, 1)
(365474, 751, 1)
(365499, 751, 1)
(365779, 752, 1)
(365799, 752, 1)
(365817, 752, 1)
(365841, 752, 1)
(365893, 752, 1)
(366119, 752, 1)
(356697, 733, 1)
(356868, 733, 1)
(357207, 734, 1)
(357310, 734, 1)
(367206, 755, 1)
(367225, 755, 1)
(367416, 755, 1)
(367642, 756, 1)
(367664, 756, 1)
(367722, 756, 1)
(367811, 756, 1)
(367857, 756, 1)
(367879, 756, 1)
(399837, 822, 1)
(399886, 822, 1)
(400192, 822, 1)
(400238, 822, 1)
(402228, 827, 1)
(402462, 827, 1)
(402477, 827, 1)
(402679, 827, 1)
(402825, 828, 1)
(403153, 828, 1)
(427527, 879, 1)
(427580, 879, 1)
(427585, 879, 1)
(427928, 879, 1)
(427939, 879, 1)
(428342, 880, 1)
(428404, 880, 1)
(428500, 881, 1)
(428646, 881, 1)
(428797, 881, 1)
(428887, 881, 1)
(428953, 881, 1)
(429179, 882, 1)
(429213, 882, 1)
(429270, 882, 1)
(429301, 882, 1)
(429402, 882, 1)
(430453, 885, 1)
(430622, 885, 1)
(430668, 885, 1)
(430669, 885, 1)
(430686, 885, 1)
(430752, 885, 1)
(430797, 885, 1)
(430805, 885, 1)
(430885, 885, 1)
(430887, 885, 1)
(430984, 886, 1)
(431191, 886, 1)
(431241, 886, 1)
(431335, 886, 1)
(431360, 886, 1)
(492897, 1013, 1)
(493028, 1013, 1)
(493173, 1013, 1)
(493340, 1014, 1)
(493445, 1014, 1)
(493456, 1014, 1)
(500777, 1029, 1)
(520208, 1069, 1)
(520257, 1069, 1)
(520389, 1069, 1)
(520444, 1069, 1)
(520530, 1070, 1)
(520711, 1070, 1)
(520766, 1070, 1)
(520799, 1070, 1)
(520836, 1070, 1)
(520893, 1070, 1)
(520875, 1070, 1)
(539680, 1109, 1)
(540014, 1109, 1)
(540091, 1109, 1)
(551304, 1133, 1)
(551530, 1133, 1)
(551531, 1133, 1)
(551543, 1133, 1)
(552116, 1134, 1)
(552124, 1134, 1)
(557137, 1145, 1)
(557624, 1146, 1)
(557642, 1146, 1)
(557885, 1146, 1)
(558259, 1147, 1)
(558374, 1147, 1)
(562736, 1156, 1)
(562859, 1156, 1)
(565989, 1163, 1)
(566054, 1163, 1)
(566212, 1163, 1)
(566425, 1164, 1)
(566674, 1164, 1)
(578023, 1188, 1)
(578112, 1188, 1)
(578179, 1188, 1)
(578189, 1188, 1)
(578235, 1188, 1)
(578415, 1188, 1)
(578408, 1188, 1)
(579499, 1191, 1)
(579802, 1191, 1)
(580088, 1192, 1)
(582349, 1197, 1)
(582749, 1197, 1)
(582784, 1197, 1)
(582791, 1197, 1)
(582916, 1198, 1)
(582966, 1198, 1)
(583063, 1198, 1)
(583123, 1198, 1)
(583207, 1198, 1)
(592271, 1217, 1)
(592471, 1217, 1)
(592549, 1217, 1)
(601960, 1237, 1)
(602045, 1237, 1)
(602138, 1237, 1)
(602141, 1237, 1)
(602312, 1237, 1)
(602394, 1237, 1)
(602458, 1238, 1)
(602473, 1238, 1)
(602627, 1238, 1)
(602613, 1238, 1)
(602674, 1238, 1)
(2990, 7, 1)
(3128, 7, 1)
(3297, 7, 1)
(3630, 8, 1)
(3650, 8, 1)
(3706, 8, 1)
(5895, 13, 1)
(5970, 13, 1)
(6300, 13, 1)
(6375, 14, 1)
(6484, 14, 1)
(6779, 14, 1)
(6787, 14, 1)
(13115, 27, 1)
(13159, 27, 1)
(13215, 27, 1)
(13283, 28, 1)
(13328, 28, 1)
(13355, 28, 1)
(13449, 28, 1)
(13492, 28, 1)
(13615, 28, 1)
(14025, 29, 1)
(14134, 29, 1)
(14276, 30, 1)
(14384, 30, 1)
(14481, 30, 1)
(14539, 30, 1)
(14555, 30, 1)
(14604, 30, 1)
(16798, 35, 1)
(17175, 36, 1)
(17237, 36, 1)
(17496, 36, 1)
(17500, 36, 1)
(17539, 36, 1)
(17536, 36, 1)
(19645, 41, 1)
(19812, 41, 1)
(19979, 41, 1)
(19988, 41, 1)
(20009, 41, 1)
(20072, 41, 1)
(17708, 37, 1)
(17846, 37, 1)
(17899, 37, 1)
(17977, 37, 1)
(17998, 37, 1)
(18197, 38, 1)
(18527, 38, 1)
(22612, 47, 1)
(22685, 47, 1)
(22717, 47, 1)
(22936, 47, 1)
(23044, 48, 1)
(23074, 48, 1)
(23117, 48, 1)
(23289, 48, 1)
(23387, 48, 1)
(18668, 39, 1)
(18974, 39, 1)
(19041, 39, 1)
(19072, 39, 1)
(19132, 40, 1)
(19303, 40, 1)
(19376, 40, 1)
(19426, 40, 1)
(19554, 40, 1)
(20216, 42, 1)
(20325, 42, 1)
(20355, 42, 1)
(20472, 42, 1)
(26539, 55, 1)
(26688, 55, 1)
(26789, 55, 1)
(26851, 55, 1)
(26872, 55, 1)
(27173, 56, 1)
(27193, 56, 1)
(27246, 56, 1)
(27377, 56, 1)
(23716, 49, 1)
(23809, 49, 1)
(23874, 49, 1)
(24028, 50, 1)
(24213, 50, 1)
(24319, 50, 1)
(24386, 50, 1)
(29461, 61, 1)
(29786, 61, 1)
(29837, 61, 1)
(29889, 61, 1)
(30063, 62, 1)
(30092, 62, 1)
(30105, 62, 1)
(67249, 139, 1)
(67406, 139, 1)
(67405, 139, 1)
(67734, 140, 1)
(67820, 140, 1)
(67933, 140, 1)
(68038, 140, 1)
(68163, 140, 1)
(68308, 141, 1)
(68464, 141, 1)
(68530, 141, 1)
(68586, 141, 1)
(68664, 141, 1)
(80088, 165, 1)
(80087, 165, 1)
(80128, 165, 1)
(80180, 165, 1)
(80479, 166, 1)
(80671, 166, 1)
(80718, 166, 1)
(80880, 166, 1)
(87873, 181, 1)
(87876, 181, 1)
(88054, 181, 1)
(88114, 181, 1)
(88135, 181, 1)
(88202, 181, 1)
(88274, 181, 1)
(103446, 213, 1)
(103718, 213, 1)
(103932, 214, 1)
(108218, 223, 1)
(108450, 223, 1)
(108572, 223, 1)
(108795, 224, 1)
(108845, 224, 1)
(109054, 224, 1)
(109154, 224, 1)
(140850, 290, 1)
(140984, 290, 1)
(141159, 290, 1)
(141265, 290, 1)
(141512, 291, 1)
(141713, 291, 1)
(141900, 292, 1)
(142436, 293, 1)
(142675, 293, 1)
(142683, 293, 1)
(142679, 293, 1)
(142706, 293, 1)
(143003, 294, 1)
(143062, 294, 1)
(143155, 294, 1)
(612625, 1259, 1)
(612621, 1259, 1)
(48390, 100, 1)
(48475, 100, 1)
(48565, 100, 1)
(48686, 100, 1)
(48684, 100, 1)
(156896, 323, 1)
(156933, 323, 1)
(157094, 323, 1)
(157178, 323, 1)
(157248, 323, 1)
(157286, 323, 1)
(157322, 324, 1)
(157364, 324, 1)
(157463, 324, 1)
(157476, 324, 1)
(157771, 324, 1)
(185611, 382, 1)
(185891, 382, 1)
(206675, 425, 1)
(206694, 425, 1)
(206699, 425, 1)
(206753, 425, 1)
(206769, 425, 1)
(207088, 426, 1)
(207126, 426, 1)
(207270, 426, 1)
(207353, 426, 1)
(346305, 712, 1)
(346318, 712, 1)
(346338, 712, 1)
(346396, 712, 1)
(346404, 712, 1)
(346495, 712, 1)
(346515, 712, 1)
(346686, 712, 1)
(482242, 991, 1)
(482485, 991, 1)
(482517, 991, 1)
(482527, 991, 1)
(482567, 991, 1)
(482597, 991, 1)
(380157, 781, 1)
(380300, 781, 1)
(380340, 781, 1)
(380621, 782, 1)
(380702, 782, 1)
(380764, 782, 1)
(381843, 785, 1)
(381951, 785, 1)
(382000, 785, 1)
(382068, 785, 1)
(382197, 785, 1)
(382206, 785, 1)
(382341, 786, 1)
(382472, 786, 1)
(382622, 786, 1)
(386812, 795, 1)
(386884, 795, 1)
(386918, 795, 1)
(387091, 795, 1)
(387215, 796, 1)
(387651, 796, 1)
(389424, 800, 1)
(389536, 800, 1)
(389588, 800, 1)
(390813, 803, 1)
(390841, 803, 1)
(390919, 803, 1)
(390971, 803, 1)
(391173, 804, 1)
(391224, 804, 1)
(391318, 804, 1)
(391338, 804, 1)
(391441, 804, 1)
(407133, 837, 1)
(407218, 837, 1)
(407568, 837, 1)
(407660, 838, 1)
(407811, 838, 1)
(407864, 838, 1)
(407931, 838, 1)
(451056, 927, 1)
(451329, 927, 1)
(451512, 928, 1)
(451670, 928, 1)
(451708, 928, 1)
(451789, 928, 1)
(451916, 928, 1)
(451927, 928, 1)
(455152, 935, 1)
(455163, 935, 1)
(455208, 935, 1)
(455254, 936, 1)
(455263, 936, 1)
(455315, 936, 1)
(455612, 936, 1)
(455613, 936, 1)
(525964, 1081, 1)
(526276, 1081, 1)
(526317, 1081, 1)
(526391, 1082, 1)
(526524, 1082, 1)
(526662, 1082, 1)
(529954, 1089, 1)
(530210, 1089, 1)
(530471, 1090, 1)
(530506, 1090, 1)
(530521, 1090, 1)
(530607, 1090, 1)
(550328, 1131, 1)
(550588, 1131, 1)
(550610, 1131, 1)
(550636, 1131, 1)
(551132, 1132, 1)
(551158, 1132, 1)
(559059, 1149, 1)
(559136, 1149, 1)
(559336, 1149, 1)
(559347, 1149, 1)
(559389, 1149, 1)
(559439, 1149, 1)
(562964, 1157, 1)
(563021, 1157, 1)
(563180, 1157, 1)
(563198, 1157, 1)
(563322, 1157, 1)
(568970, 1169, 1)
(569044, 1169, 1)
(569079, 1169, 1)
(569085, 1169, 1)
(569123, 1169, 1)
(569230, 1169, 1)
(569377, 1170, 1)
(569663, 1170, 1)
(569794, 1171, 1)
(570116, 1171, 1)
(570127, 1171, 1)
(570133, 1171, 1)
(570273, 1171, 1)
(570557, 1172, 1)
(570558, 1172, 1)
(570671, 1172, 1)
(570709, 1172, 1)
