(152, 1, 1)
(295, 2, 1)
(719, 4, 1)
(750, 4, 1)
(800, 4, 1)
(49007, 246, 1)
(49129, 246, 1)
(49163, 246, 1)
(49204, 247, 1)
(49299, 247, 1)
(49621, 249, 1)
(49732, 249, 1)
(3269, 17, 1)
(3545, 18, 1)
(3950, 20, 1)
(14022, 71, 1)
(14402, 73, 1)
(14668, 74, 1)
(14789, 74, 1)
(6206, 32, 1)
(6587, 33, 1)
(6782, 34, 1)
(7108, 36, 1)
(7274, 37, 1)
(7366, 37, 1)
(7501, 38, 1)
(7552, 38, 1)
(7814, 40, 1)
(7831, 40, 1)
(7948, 40, 1)
(7988, 40, 1)
(80074, 401, 1)
(80234, 402, 1)
(80293, 402, 1)
(80340, 402, 1)
(80520, 403, 1)
(80834, 405, 1)
(80999, 405, 1)
(182449, 914, 1)
(182604, 914, 1)
(182818, 915, 1)
(182860, 916, 1)
(182889, 916, 1)
(183010, 916, 1)
(16927, 85, 1)
(34024, 171, 1)
(34259, 172, 1)
(34609, 174, 1)
(34672, 174, 1)
(34791, 174, 1)
(60044, 301, 1)
(60091, 301, 1)
(60134, 301, 1)
(60416, 303, 1)
(60459, 303, 1)
(60547, 303, 1)
(60559, 303, 1)
(48794, 244, 1)
(135045, 676, 1)
(135105, 676, 1)
(135196, 677, 1)
(135483, 678, 1)
(135878, 680, 1)
(148033, 741, 1)
(148162, 742, 1)
(60734, 304, 1)
(60762, 304, 1)
(84038, 421, 1)
(84192, 421, 1)
(84190, 421, 1)
(84291, 422, 1)
(84328, 422, 1)
(84318, 422, 1)
(84415, 423, 1)
(84567, 423, 1)
(84584, 423, 1)
(84683, 424, 1)
(84784, 424, 1)
(84948, 425, 1)
(84976, 425, 1)
(94529, 474, 1)
(94768, 475, 1)
(94769, 475, 1)
(110308, 552, 1)
(110460, 553, 1)
(110474, 553, 1)
(110641, 554, 1)
(110796, 555, 1)
(110824, 555, 1)
(161002, 806, 1)
(160998, 806, 1)
(161070, 806, 1)
(161081, 806, 1)
(161114, 806, 1)
(232912, 1166, 1)
(233217, 1167, 1)
(233286, 1168, 1)
(233318, 1168, 1)
(240573, 1204, 1)
(240620, 1204, 1)
(240961, 1206, 1)
(240984, 1206, 1)
(241003, 1206, 1)
(1101, 6, 1)
(1274, 7, 1)
(1435, 8, 1)
(1438, 8, 1)
(1549, 8, 1)
(138251, 692, 1)
(138473, 693, 1)
(138469, 693, 1)
(138718, 694, 1)
(5241, 27, 1)
(5262, 27, 1)
(5598, 28, 1)
(5646, 29, 1)
(5827, 30, 1)
(5898, 30, 1)
(5918, 30, 1)
(5934, 30, 1)
(58040, 291, 1)
(58326, 292, 1)
(58669, 294, 1)
(49829, 250, 1)
(51126, 256, 1)
(51138, 256, 1)
(51454, 258, 1)
(51547, 258, 1)
(51718, 259, 1)
(51859, 260, 1)
(66007, 331, 1)
(66449, 333, 1)
(89597, 448, 1)
(89633, 449, 1)
(89643, 449, 1)
(89742, 449, 1)
(89864, 450, 1)
(101944, 511, 1)
(101950, 511, 1)
(102068, 511, 1)
(102119, 512, 1)
(102258, 512, 1)
(102700, 514, 1)
(103941, 521, 1)
(155326, 778, 1)
(155432, 778, 1)
(155628, 779, 1)
(155856, 780, 1)
(158977, 796, 1)
(159323, 798, 1)
(159326, 798, 1)
(159608, 799, 1)
(172232, 862, 1)
(172266, 862, 1)
(172284, 862, 1)
(172624, 864, 1)
(172853, 865, 1)
(202461, 1014, 1)
(202685, 1015, 1)
(202865, 1016, 1)
(202887, 1016, 1)
(202977, 1016, 1)
(203066, 1017, 1)
(203093, 1017, 1)
(203098, 1017, 1)
(203140, 1017, 1)
(204605, 1024, 1)
(204669, 1025, 1)
(204680, 1025, 1)
(204833, 1025, 1)
(229172, 1147, 1)
(229217, 1147, 1)
(229245, 1148, 1)
(229265, 1148, 1)
(249664, 1250, 1)
(249845, 1251, 1)
(249893, 1251, 1)
(249998, 1251, 1)
(235791, 1180, 1)
(235942, 1181, 1)
(235980, 1181, 1)
(236018, 1181, 1)
(236309, 1183, 1)
(237529, 1189, 1)
(237815, 1190, 1)
(237857, 1191, 1)
(237980, 1191, 1)
(238073, 1192, 1)
(238324, 1193, 1)
(238318, 1193, 1)
(238338, 1193, 1)
(238397, 1193, 1)
(243468, 1219, 1)
(243694, 1220, 1)
(243789, 1220, 1)
(243815, 1220, 1)
(244194, 1222, 1)
(2435, 13, 1)
(2450, 13, 1)
(2760, 14, 1)
(2761, 14, 1)
(2841, 15, 1)
(16088, 81, 1)
(16315, 82, 1)
(16635, 84, 1)
(8345, 42, 1)
(8642, 44, 1)
(8681, 44, 1)
(8716, 44, 1)
(8919, 45, 1)
(8960, 45, 1)
(18192, 91, 1)
(18190, 91, 1)
(18196, 91, 1)
(18353, 92, 1)
(18456, 93, 1)
(18491, 93, 1)
(18533, 93, 1)
(18584, 93, 1)
(18616, 94, 1)
(14831, 75, 1)
(14924, 75, 1)
(38227, 192, 1)
(38286, 192, 1)
(38674, 194, 1)
(38977, 195, 1)
(92444, 463, 1)
(25045, 126, 1)
(25134, 126, 1)
(25150, 126, 1)
(25168, 126, 1)
(25241, 127, 1)
(25307, 127, 1)
(25321, 127, 1)
(25458, 128, 1)
(25618, 129, 1)
(25692, 129, 1)
(25928, 130, 1)
(48046, 241, 1)
(48420, 243, 1)
(48500, 243, 1)
(48551, 243, 1)
(79612, 399, 1)
(79615, 399, 1)
(79633, 399, 1)
(79916, 400, 1)
(79955, 400, 1)
(129029, 646, 1)
(129012, 646, 1)
(129686, 649, 1)
(129751, 650, 1)
(129826, 650, 1)
(190449, 954, 1)
(190475, 954, 1)
(117489, 588, 1)
(117624, 589, 1)
(117746, 590, 1)
(119199, 597, 1)
(119437, 598, 1)
(119699, 599, 1)
(119808, 600, 1)
(119809, 600, 1)
(119800, 600, 1)
(119901, 600, 1)
(152987, 766, 1)
(143129, 717, 1)
(143621, 719, 1)
(143663, 719, 1)
(166086, 831, 1)
(166400, 833, 1)
(166417, 833, 1)
(166896, 835, 1)
(185970, 931, 1)
(186397, 933, 1)
(186434, 933, 1)
(194509, 974, 1)
(194519, 974, 1)
(194691, 975, 1)
(201471, 1009, 1)
(218504, 1094, 1)
(218797, 1095, 1)
(219037, 1097, 1)
(219205, 1097, 1)
(246442, 1234, 1)
(246631, 1234, 1)
(246709, 1235, 1)
(246718, 1235, 1)
(246754, 1235, 1)
(246867, 1236, 1)
(246876, 1236, 1)
(246900, 1236, 1)
(247001, 1236, 1)
(247290, 1238, 1)
(9045, 46, 1)
(9171, 46, 1)
(9880, 50, 1)
(85172, 426, 1)
(85539, 428, 1)
(85652, 429, 1)
(10335, 52, 1)
(10337, 52, 1)
(10448, 53, 1)
(10803, 55, 1)
(31379, 157, 1)
(31504, 158, 1)
(12215, 62, 1)
(12311, 62, 1)
(12564, 63, 1)
(12827, 65, 1)
(62004, 311, 1)
(62197, 311, 1)
(62162, 311, 1)
(62323, 312, 1)
(62592, 313, 1)
(62621, 314, 1)
(62661, 314, 1)
(23906, 120, 1)
(191454, 959, 1)
(191573, 959, 1)
(192193, 962, 1)
(230466, 1154, 1)
(230863, 1156, 1)
(231022, 1156, 1)
(35071, 176, 1)
(35506, 178, 1)
(35819, 180, 1)
(42109, 211, 1)
(42162, 211, 1)
(42621, 214, 1)
(114531, 574, 1)
(114778, 575, 1)
(114917, 575, 1)
(118075, 591, 1)
(118413, 593, 1)
(118481, 593, 1)
(118585, 594, 1)
(118580, 594, 1)
(125927, 631, 1)
(174950, 876, 1)
(175282, 877, 1)
(175354, 878, 1)
(175390, 878, 1)
(175413, 878, 1)
(175562, 879, 1)
(175584, 879, 1)
(175594, 879, 1)
(196705, 985, 1)
(196936, 986, 1)
(197019, 986, 1)
(197030, 986, 1)
(197194, 987, 1)
(197264, 988, 1)
(197347, 988, 1)
(212600, 1064, 1)
(212980, 1066, 1)
(213105, 1067, 1)
(213242, 1068, 1)
(213340, 1068, 1)
(11088, 56, 1)
(11085, 56, 1)
(11191, 56, 1)
(11643, 59, 1)
(11728, 59, 1)
(11879, 60, 1)
(11891, 60, 1)
(29202, 147, 1)
(29283, 147, 1)
(29445, 148, 1)
(29480, 148, 1)
(29663, 149, 1)
(29721, 149, 1)
(15174, 76, 1)
(15211, 77, 1)
(15295, 77, 1)
(15290, 77, 1)
(50150, 251, 1)
(50202, 252, 1)
(50544, 253, 1)
(50752, 254, 1)
(17390, 87, 1)
(17604, 89, 1)
(17819, 90, 1)
(17899, 90, 1)
(23266, 117, 1)
(23351, 117, 1)
(23417, 118, 1)
(23669, 119, 1)
(29921, 150, 1)
(29995, 150, 1)
(90167, 451, 1)
(90532, 453, 1)
(90654, 454, 1)
(90660, 454, 1)
(90853, 455, 1)
(125054, 626, 1)
(125061, 626, 1)
(125125, 627, 1)
(125204, 627, 1)
(125361, 628, 1)
(37802, 190, 1)
(37895, 190, 1)
(46037, 231, 1)
(46254, 232, 1)
(46350, 232, 1)
(46591, 233, 1)
(46677, 234, 1)
(46830, 235, 1)
(46838, 235, 1)
(46903, 235, 1)
(46977, 235, 1)
(47010, 236, 1)
(47371, 237, 1)
(47372, 237, 1)
(47438, 238, 1)
(61873, 310, 1)
(61915, 310, 1)
(61946, 310, 1)
(75007, 376, 1)
(75207, 377, 1)
(75540, 378, 1)
(83208, 417, 1)
(83344, 417, 1)
(83383, 417, 1)
(83406, 418, 1)
(83452, 418, 1)
(83520, 418, 1)
(144328, 723, 1)
(144324, 723, 1)
(144387, 723, 1)
(144673, 724, 1)
(144737, 725, 1)
(144859, 725, 1)
(169954, 851, 1)
(169998, 851, 1)
(170023, 851, 1)
(170091, 851, 1)
(170321, 853, 1)
(170385, 853, 1)
(170516, 853, 1)
(170832, 855, 1)
(153946, 771, 1)
(154499, 773, 1)
(154837, 775, 1)
(154879, 775, 1)
(168383, 843, 1)
(168449, 843, 1)
(168815, 845, 1)
(161400, 808, 1)
(161402, 808, 1)
(161794, 810, 1)
(166926, 836, 1)
(167060, 836, 1)
(167380, 838, 1)
(167450, 838, 1)
(167911, 840, 1)
(173933, 871, 1)
(162326, 813, 1)
(162464, 813, 1)
(162754, 815, 1)
(168927, 846, 1)
(169106, 846, 1)
(169256, 847, 1)
(169471, 848, 1)
(169542, 849, 1)
(169572, 849, 1)
(169689, 849, 1)
(170942, 856, 1)
(170978, 856, 1)
(171017, 856, 1)
(171076, 856, 1)
(171138, 857, 1)
(171485, 858, 1)
(171603, 859, 1)
(171653, 859, 1)
(171726, 860, 1)
(171836, 860, 1)
(180936, 906, 1)
(180947, 906, 1)
(181168, 907, 1)
(181323, 908, 1)
(206924, 1036, 1)
(207296, 1038, 1)
(209756, 1050, 1)
(209797, 1050, 1)
(209882, 1051, 1)
(50833, 255, 1)
(50938, 255, 1)
(70087, 351, 1)
(70414, 353, 1)
(70419, 353, 1)
(70964, 355, 1)
(76107, 381, 1)
(76128, 381, 1)
(76554, 383, 1)
(76584, 383, 1)
(73328, 367, 1)
(73566, 368, 1)
(73783, 369, 1)
(73776, 369, 1)
(106057, 531, 1)
(106331, 533, 1)
(106358, 533, 1)
(106447, 533, 1)
(66806, 335, 1)
(92993, 466, 1)
(93204, 467, 1)
(93190, 467, 1)
(93321, 468, 1)
(93333, 468, 1)
(93510, 468, 1)
(93567, 469, 1)
(93597, 469, 1)
(93720, 470, 1)
(155283, 777, 1)
(81737, 409, 1)
(81782, 409, 1)
(81908, 410, 1)
(97313, 487, 1)
(97340, 488, 1)
(97617, 489, 1)
(97728, 490, 1)
(144003, 721, 1)
(144106, 721, 1)
(144095, 721, 1)
(92678, 464, 1)
(131952, 661, 1)
(132128, 662, 1)
(132184, 662, 1)
(132267, 662, 1)
(132611, 664, 1)
(132738, 665, 1)
(132780, 665, 1)
(132831, 665, 1)
(185498, 929, 1)
(185528, 929, 1)
(185545, 929, 1)
(185579, 929, 1)
(185622, 929, 1)
(185651, 930, 1)
(185668, 930, 1)
(185683, 930, 1)
(185718, 930, 1)
(185763, 930, 1)
(185789, 930, 1)
(115378, 578, 1)
(115430, 578, 1)
(115752, 580, 1)
(133263, 667, 1)
(133744, 670, 1)
(125678, 629, 1)
(157039, 786, 1)
(157085, 786, 1)
(157507, 788, 1)
(157561, 789, 1)
(157575, 789, 1)
(157666, 789, 1)
(157729, 790, 1)
(157742, 790, 1)
(157828, 790, 1)
(161929, 811, 1)
(162008, 811, 1)
(162020, 811, 1)
(162098, 811, 1)
(162233, 812, 1)
(162284, 812, 1)
(134450, 673, 1)
(134460, 673, 1)
(134602, 674, 1)
(134626, 674, 1)
(141208, 707, 1)
(141363, 708, 1)
(141777, 710, 1)
(141809, 710, 1)
(174362, 873, 1)
(174736, 875, 1)
(174865, 875, 1)
(174856, 875, 1)
(188670, 945, 1)
(188704, 945, 1)
(188878, 946, 1)
(188879, 946, 1)
(188929, 946, 1)
(189040, 947, 1)
(189127, 947, 1)
(189289, 948, 1)
(128065, 641, 1)
(128386, 643, 1)
(128552, 644, 1)
(128867, 645, 1)
(128884, 645, 1)
(138908, 695, 1)
(142668, 714, 1)
(150378, 753, 1)
(150747, 755, 1)
(150749, 755, 1)
(150818, 755, 1)
(152345, 763, 1)
(152439, 763, 1)
(152726, 765, 1)
(152767, 765, 1)
(152891, 765, 1)
(162992, 816, 1)
(163452, 818, 1)
(163720, 820, 1)
(176145, 882, 1)
(176187, 882, 1)
(176260, 882, 1)
(176504, 883, 1)
(176515, 883, 1)
(176681, 884, 1)
(176893, 885, 1)
(190837, 956, 1)
(190895, 956, 1)
(190956, 956, 1)
(190965, 956, 1)
(193461, 969, 1)
(193673, 970, 1)
(194049, 972, 1)
(194395, 973, 1)
(194423, 973, 1)
(205121, 1027, 1)
(205137, 1027, 1)
(205187, 1027, 1)
(213670, 1070, 1)
(213768, 1070, 1)
(214047, 1072, 1)
(214367, 1073, 1)
(230194, 1152, 1)
(230230, 1152, 1)
(234018, 1171, 1)
(234051, 1172, 1)
(234120, 1172, 1)
(235033, 1176, 1)
(235121, 1177, 1)
(235273, 1178, 1)
(235288, 1178, 1)
(235337, 1178, 1)
(235400, 1178, 1)
(235387, 1178, 1)
(238741, 1195, 1)
(238951, 1196, 1)
(239291, 1198, 1)
(239336, 1198, 1)
(239395, 1198, 1)
(242013, 1211, 1)
(242011, 1211, 1)
(242106, 1212, 1)
(242693, 1215, 1)
(242907, 1216, 1)
(243367, 1218, 1)
(245870, 1231, 1)
(246032, 1231, 1)
(246067, 1232, 1)
(246043, 1232, 1)
(246079, 1232, 1)
(246109, 1232, 1)
(246199, 1232, 1)
(246269, 1233, 1)
(246311, 1233, 1)
(246375, 1233, 1)
(249430, 1248, 1)
(24845, 125, 1)
(56226, 282, 1)
(56554, 283, 1)
(56988, 285, 1)
(82144, 411, 1)
(82190, 411, 1)
(82230, 412, 1)
(82263, 412, 1)
(82390, 412, 1)
(82563, 413, 1)
(32190, 161, 1)
(32252, 162, 1)
(32376, 162, 1)
(32426, 163, 1)
(32693, 164, 1)
(32744, 164, 1)
(32828, 165, 1)
(192532, 964, 1)
(192875, 966, 1)
(193079, 967, 1)
(193104, 967, 1)
(91604, 459, 1)
(91675, 459, 1)
(91858, 460, 1)
(99070, 496, 1)
(99085, 496, 1)
(99434, 498, 1)
(99804, 500, 1)
(99815, 500, 1)
(99874, 500, 1)
(173414, 868, 1)
(173725, 870, 1)
(217595, 1089, 1)
(217565, 1089, 1)
(217602, 1089, 1)
(217715, 1090, 1)
(217871, 1091, 1)
(217879, 1091, 1)
(218307, 1093, 1)
(187239, 938, 1)
(203446, 1019, 1)
(203555, 1019, 1)
(204326, 1023, 1)
(204337, 1023, 1)
(210704, 1055, 1)
(210839, 1056, 1)
(214791, 1075, 1)
(215054, 1077, 1)
(215281, 1078, 1)
(215354, 1078, 1)
(239587, 1199, 1)
(239754, 1200, 1)
(239782, 1200, 1)
(239835, 1200, 1)
(239838, 1201, 1)
(239981, 1201, 1)
(199139, 997, 1)
(199268, 998, 1)
(200631, 1004, 1)
(200731, 1005, 1)
(200757, 1005, 1)
(200780, 1005, 1)
(200854, 1006, 1)
(200866, 1006, 1)
(201138, 1007, 1)
(201156, 1007, 1)
(201179, 1007, 1)
(201419, 1008, 1)
(220470, 1104, 1)
(220575, 1104, 1)
(209387, 1048, 1)
(209432, 1048, 1)
(244455, 1224, 1)
(244852, 1226, 1)
(244860, 1226, 1)
(245044, 1227, 1)
(245056, 1227, 1)
(227144, 1137, 1)
(227359, 1138, 1)
(227610, 1139, 1)
(227619, 1139, 1)
(227622, 1139, 1)
(227663, 1140, 1)
(227715, 1140, 1)
(227766, 1140, 1)
(228309, 1143, 1)
(228363, 1143, 1)
(228483, 1144, 1)
(228564, 1144, 1)
(228681, 1145, 1)
(228721, 1145, 1)
(228720, 1145, 1)
(240122, 1202, 1)
(247461, 1239, 1)
(247581, 1239, 1)
(247625, 1239, 1)
(247740, 1240, 1)
(248021, 1241, 1)
(248049, 1242, 1)
(248206, 1242, 1)
(248231, 1242, 1)
(248429, 1243, 1)
(248614, 1244, 1)
(248651, 1245, 1)
(248832, 1245, 1)
(4077, 21, 1)
(4093, 21, 1)
(4221, 22, 1)
(4228, 22, 1)
(4304, 22, 1)
(4323, 22, 1)
(4528, 23, 1)
(4773, 24, 1)
(4909, 25, 1)
(37062, 186, 1)
(37508, 188, 1)
(37785, 189, 1)
(27693, 139, 1)
(27896, 140, 1)
(43094, 216, 1)
(43489, 218, 1)
(43633, 219, 1)
(43716, 219, 1)
(36185, 181, 1)
(36194, 181, 1)
(36284, 182, 1)
(36285, 182, 1)
(36392, 182, 1)
(36390, 182, 1)
(36636, 184, 1)
(36657, 184, 1)
(36738, 184, 1)
(36749, 184, 1)
(45119, 226, 1)
(45274, 227, 1)
(45364, 227, 1)
(45406, 228, 1)
(45408, 228, 1)
(45497, 228, 1)
(45550, 228, 1)
(45584, 228, 1)
(47892, 240, 1)
(126941, 636, 1)
(127163, 637, 1)
(127409, 638, 1)
(127596, 639, 1)
(127909, 640, 1)
(149924, 751, 1)
(149989, 751, 1)
(150070, 751, 1)
(100072, 501, 1)
(100168, 502, 1)
(100211, 502, 1)
(100447, 503, 1)
(100777, 505, 1)
(181579, 909, 1)
(181657, 910, 1)
(182046, 912, 1)
(182137, 912, 1)
(182178, 912, 1)
(121735, 610, 1)
(121908, 610, 1)
(144991, 726, 1)
(144979, 726, 1)
(145021, 726, 1)
(145046, 726, 1)
(145365, 728, 1)
(145447, 728, 1)
(145687, 729, 1)
(145709, 729, 1)
(145869, 730, 1)
(145876, 730, 1)
(157936, 791, 1)
(157947, 791, 1)
(157951, 791, 1)
(158008, 791, 1)
(158217, 792, 1)
(126138, 632, 1)
(126573, 634, 1)
(126636, 634, 1)
(126731, 635, 1)
(126840, 635, 1)
(126886, 635, 1)
(176939, 886, 1)
(176977, 886, 1)
(177027, 886, 1)
(177197, 887, 1)
(177260, 887, 1)
(201641, 1010, 1)
(201666, 1010, 1)
(201673, 1010, 1)
(202051, 1012, 1)
(202086, 1012, 1)
(202338, 1013, 1)
(211615, 1059, 1)
(211653, 1060, 1)
(211845, 1061, 1)
(211935, 1061, 1)
(212104, 1062, 1)
(212167, 1062, 1)
(212207, 1062, 1)
(212230, 1062, 1)
(212250, 1063, 1)
(212281, 1063, 1)
(221922, 1111, 1)
(222284, 1113, 1)
(225480, 1129, 1)
(225678, 1130, 1)
(225889, 1131, 1)
(225948, 1131, 1)
(226394, 1133, 1)
(242473, 1214, 1)
(231076, 1157, 1)
(231044, 1157, 1)
(231095, 1157, 1)
(231179, 1157, 1)
(231383, 1158, 1)
(231614, 1159, 1)
(231722, 1160, 1)
(231811, 1160, 1)
(232224, 1162, 1)
(232254, 1163, 1)
(232346, 1163, 1)
(241581, 1209, 1)
(241641, 1210, 1)
(13028, 66, 1)
(13051, 66, 1)
(13762, 69, 1)
(13849, 70, 1)
(13945, 70, 1)
(139074, 696, 1)
(139137, 697, 1)
(139128, 697, 1)
(139257, 697, 1)
(139388, 698, 1)
(139568, 699, 1)
(139553, 699, 1)
(139650, 699, 1)
(18856, 95, 1)
(40008, 201, 1)
(40140, 201, 1)
(40209, 202, 1)
(40383, 202, 1)
(40506, 203, 1)
(40640, 204, 1)
(40797, 204, 1)
(94968, 476, 1)
(95400, 478, 1)
(22045, 111, 1)
(22078, 111, 1)
(22215, 112, 1)
(22398, 112, 1)
(22940, 115, 1)
(24345, 122, 1)
(24643, 124, 1)
(24687, 124, 1)
(24671, 124, 1)
(26031, 131, 1)
(26158, 131, 1)
(26135, 131, 1)
(26535, 133, 1)
(26597, 133, 1)
(26705, 134, 1)
(26829, 135, 1)
(61446, 308, 1)
(61505, 308, 1)
(61615, 309, 1)
(58932, 295, 1)
(184805, 925, 1)
(184931, 926, 1)
(184939, 926, 1)
(185032, 926, 1)
(185129, 927, 1)
(185183, 927, 1)
(185184, 927, 1)
(185258, 928, 1)
(185318, 928, 1)
(195538, 979, 1)
(195691, 980, 1)
(195731, 980, 1)
(195782, 980, 1)
(59921, 300, 1)
(59940, 300, 1)
(72154, 361, 1)
(72369, 362, 1)
(72381, 362, 1)
(72457, 363, 1)
(72666, 364, 1)
(72932, 365, 1)
(72947, 365, 1)
(81002, 406, 1)
(81171, 406, 1)
(77734, 389, 1)
(77942, 390, 1)
(109246, 547, 1)
(109435, 548, 1)
(109455, 548, 1)
(109445, 548, 1)
(109499, 548, 1)
(109539, 549, 1)
(109597, 549, 1)
(109633, 549, 1)
(109715, 549, 1)
(109877, 550, 1)
(111959, 561, 1)
(82644, 414, 1)
(82669, 414, 1)
(82758, 414, 1)
(95961, 481, 1)
(96075, 481, 1)
(96146, 482, 1)
(96142, 482, 1)
(96373, 483, 1)
(96513, 483, 1)
(96802, 485, 1)
(117097, 586, 1)
(117223, 587, 1)
(117225, 587, 1)
(117318, 587, 1)
(95526, 479, 1)
(95733, 480, 1)
(116068, 581, 1)
(116251, 582, 1)
(116374, 583, 1)
(116737, 585, 1)
(116804, 585, 1)
(116823, 585, 1)
(116852, 585, 1)
(139948, 701, 1)
(140246, 702, 1)
(104208, 522, 1)
(104268, 522, 1)
(104338, 523, 1)
(104614, 524, 1)
(104709, 524, 1)
(104727, 525, 1)
(136035, 681, 1)
(136343, 683, 1)
(136381, 683, 1)
(136418, 683, 1)
(136552, 684, 1)
(136665, 684, 1)
(136722, 685, 1)
(136727, 685, 1)
(136800, 685, 1)
(140444, 703, 1)
(146200, 732, 1)
(146370, 733, 1)
(146381, 733, 1)
(146720, 735, 1)
(146730, 735, 1)
(146766, 735, 1)
(19035, 96, 1)
(19121, 96, 1)
(19183, 96, 1)
(19445, 98, 1)
(19864, 100, 1)
(21150, 106, 1)
(21153, 106, 1)
(21171, 106, 1)
(21201, 107, 1)
(21207, 107, 1)
(21249, 107, 1)
(21355, 107, 1)
(21520, 108, 1)
(30276, 152, 1)
(30531, 153, 1)
(30993, 155, 1)
(52013, 261, 1)
(52148, 261, 1)
(52422, 263, 1)
(52477, 263, 1)
(52643, 264, 1)
(54137, 271, 1)
(54342, 272, 1)
(54493, 273, 1)
(54729, 274, 1)
(54711, 274, 1)
(107089, 536, 1)
(45606, 229, 1)
(45856, 230, 1)
(53168, 266, 1)
(53221, 267, 1)
(53347, 267, 1)
(53418, 268, 1)
(53426, 268, 1)
(53716, 269, 1)
(53681, 269, 1)
(53798, 269, 1)
(53972, 270, 1)
(53995, 270, 1)
(114999, 576, 1)
(115021, 576, 1)
(115143, 577, 1)
(115163, 577, 1)
(115255, 577, 1)
(69061, 346, 1)
(69210, 347, 1)
(69452, 348, 1)
(69471, 348, 1)
(69524, 348, 1)
(69552, 348, 1)
(69734, 349, 1)
(69880, 350, 1)
(69888, 350, 1)
(69967, 350, 1)
(113089, 566, 1)
(113344, 568, 1)
(113395, 568, 1)
(68920, 345, 1)
(102986, 516, 1)
(103000, 516, 1)
(103151, 517, 1)
(103409, 518, 1)
(103493, 518, 1)
(103543, 519, 1)
(103601, 519, 1)
(103624, 519, 1)
(103750, 520, 1)
(123958, 621, 1)
(124275, 622, 1)
(124421, 623, 1)
(76796, 384, 1)
(76902, 385, 1)
(76972, 385, 1)
(98069, 491, 1)
(98130, 492, 1)
(98324, 493, 1)
(114210, 572, 1)
(114258, 572, 1)
(83738, 419, 1)
(83737, 419, 1)
(83900, 420, 1)
(83947, 420, 1)
(83949, 420, 1)
(87090, 436, 1)
(87326, 437, 1)
(87488, 438, 1)
(87501, 438, 1)
(87648, 439, 1)
(111135, 557, 1)
(111315, 557, 1)
(113564, 569, 1)
(113573, 569, 1)
(113668, 569, 1)
(121972, 611, 1)
(122055, 611, 1)
(122279, 612, 1)
(122305, 612, 1)
(122350, 613, 1)
(122629, 614, 1)
(122667, 614, 1)
(122795, 615, 1)
(142008, 711, 1)
(142290, 712, 1)
(142298, 712, 1)
(131448, 658, 1)
(131847, 660, 1)
(179553, 899, 1)
(179782, 900, 1)
(183536, 919, 1)
(183542, 919, 1)
(183554, 919, 1)
(148391, 743, 1)
(148438, 743, 1)
(148485, 743, 1)
(148553, 744, 1)
(148626, 744, 1)
(148628, 744, 1)
(148685, 744, 1)
(187468, 939, 1)
(187566, 939, 1)
(187973, 941, 1)
(188125, 942, 1)
(188202, 942, 1)
(188368, 943, 1)
(197482, 989, 1)
(197591, 989, 1)
(197623, 989, 1)
(153210, 767, 1)
(153230, 767, 1)
(153489, 768, 1)
(153753, 770, 1)
(155999, 781, 1)
(156023, 781, 1)
(156021, 781, 1)
(156105, 781, 1)
(156117, 781, 1)
(156194, 782, 1)
(156264, 782, 1)
(156468, 783, 1)
(156648, 784, 1)
(158868, 795, 1)
(160375, 803, 1)
(160456, 803, 1)
(160534, 804, 1)
(160526, 804, 1)
(160752, 805, 1)
(160816, 805, 1)
(164982, 826, 1)
(164992, 826, 1)
(165050, 826, 1)
(20045, 101, 1)
(20306, 102, 1)
(20413, 103, 1)
(20489, 103, 1)
(20598, 103, 1)
(20573, 103, 1)
(20718, 104, 1)
(20914, 105, 1)
(33309, 167, 1)
(33333, 167, 1)
(33615, 169, 1)
(33748, 169, 1)
(28115, 141, 1)
(28785, 144, 1)
(28813, 145, 1)
(28875, 145, 1)
(28930, 145, 1)
(28975, 145, 1)
(59073, 296, 1)
(59378, 297, 1)
(86276, 432, 1)
(86305, 432, 1)
(86406, 433, 1)
(86452, 433, 1)
(86484, 433, 1)
(86618, 434, 1)
(86818, 435, 1)
(86895, 435, 1)
(86981, 435, 1)
(121133, 607, 1)
(121184, 607, 1)
(121414, 608, 1)
(121509, 608, 1)
(65025, 326, 1)
(65609, 329, 1)
(65757, 329, 1)
(65875, 330, 1)
(105069, 526, 1)
(105090, 526, 1)
(105080, 526, 1)
(105235, 527, 1)
(105245, 527, 1)
(105295, 527, 1)
(105369, 528, 1)
(105592, 529, 1)
(71058, 356, 1)
(71211, 357, 1)
(71448, 358, 1)
(71460, 358, 1)
(71499, 358, 1)
(71632, 359, 1)
(71844, 360, 1)
(74021, 371, 1)
(74032, 371, 1)
(74289, 372, 1)
(74549, 373, 1)
(74942, 375, 1)
(78050, 391, 1)
(78390, 392, 1)
(78489, 393, 1)
(78492, 393, 1)
(78577, 393, 1)
(78700, 394, 1)
(78820, 395, 1)
(91066, 456, 1)
(91455, 458, 1)
(91517, 458, 1)
(105728, 530, 1)
(105734, 530, 1)
(105886, 530, 1)
(105901, 530, 1)
(149396, 748, 1)
(149517, 748, 1)
(149567, 749, 1)
(198474, 994, 1)
(198624, 994, 1)
(198732, 995, 1)
(107913, 540, 1)
(120761, 605, 1)
(120794, 605, 1)
(150968, 756, 1)
(151085, 756, 1)
(151243, 757, 1)
(205531, 1029, 1)
(205583, 1029, 1)
(205659, 1030, 1)
(205801, 1030, 1)
(205870, 1031, 1)
(206029, 1031, 1)
(206202, 1032, 1)
(206204, 1032, 1)
(206285, 1033, 1)
(206328, 1033, 1)
(234638, 1175, 1)
(234798, 1175, 1)
(183867, 921, 1)
(183994, 921, 1)
(184028, 921, 1)
(184310, 923, 1)
(184350, 923, 1)
(215458, 1079, 1)
(215452, 1079, 1)
(215495, 1079, 1)
(215823, 1080, 1)
(215929, 1081, 1)
(216103, 1082, 1)
(216286, 1083, 1)
(197763, 990, 1)
(198020, 991, 1)
(198062, 992, 1)
(198210, 992, 1)
(198383, 993, 1)
(199683, 1000, 1)
(199965, 1001, 1)
(200238, 1003, 1)
(200267, 1003, 1)
(200353, 1003, 1)
(200388, 1003, 1)
(216507, 1084, 1)
(216768, 1085, 1)
(216800, 1085, 1)
(217345, 1088, 1)
(222529, 1114, 1)
(222561, 1114, 1)
(222638, 1115, 1)
(222805, 1115, 1)
(223066, 1117, 1)
(31995, 160, 1)
(67101, 336, 1)
(67102, 336, 1)
(67375, 337, 1)
(67534, 338, 1)
(67796, 339, 1)
(67889, 340, 1)
(67936, 340, 1)
(79099, 396, 1)
(79236, 397, 1)
(79448, 398, 1)
(41226, 207, 1)
(41427, 208, 1)
(41660, 209, 1)
(41680, 209, 1)
(41893, 210, 1)
(41968, 210, 1)
(44129, 221, 1)
(44426, 223, 1)
(44689, 224, 1)
(52888, 265, 1)
(64150, 321, 1)
(64209, 322, 1)
(64212, 322, 1)
(64290, 322, 1)
(64297, 322, 1)
(64605, 324, 1)
(64957, 325, 1)
(77568, 388, 1)
(63051, 316, 1)
(63306, 317, 1)
(63330, 317, 1)
(63388, 317, 1)
(63500, 318, 1)
(63578, 318, 1)
(63695, 319, 1)
(63771, 319, 1)
(63986, 320, 1)
(63920, 320, 1)
(68022, 341, 1)
(68364, 342, 1)
(68450, 343, 1)
(68540, 343, 1)
(68695, 344, 1)
(68757, 344, 1)
(68769, 344, 1)
(68790, 344, 1)
(85887, 430, 1)
(88043, 441, 1)
(88427, 443, 1)
(93968, 471, 1)
(94209, 472, 1)
(94320, 473, 1)
(94480, 473, 1)
(106609, 534, 1)
(106673, 534, 1)
(106768, 535, 1)
(106878, 535, 1)
(106856, 535, 1)
(207447, 1039, 1)
(207519, 1039, 1)
(207570, 1039, 1)
(207711, 1040, 1)
(207975, 1041, 1)
(208313, 1043, 1)
(208391, 1043, 1)
(221545, 1109, 1)
(221805, 1110, 1)
(221798, 1110, 1)
(108065, 541, 1)
(108339, 543, 1)
(108732, 545, 1)
(108830, 545, 1)
(186642, 935, 1)
(186737, 935, 1)
(186899, 936, 1)
(187091, 937, 1)
(187179, 937, 1)
(187222, 937, 1)
(112456, 563, 1)
(112495, 563, 1)
(112568, 564, 1)
(112633, 564, 1)
(112704, 564, 1)
(112870, 565, 1)
(130163, 652, 1)
(130173, 652, 1)
(130219, 652, 1)
(130398, 653, 1)
(130534, 654, 1)
(130613, 654, 1)
(130779, 655, 1)
(143052, 716, 1)
(147583, 739, 1)
(147627, 739, 1)
(147801, 740, 1)
(147900, 740, 1)
(178047, 891, 1)
(178215, 892, 1)
(178329, 893, 1)
(178766, 895, 1)
(206603, 1034, 1)
(151348, 758, 1)
(151532, 759, 1)
(151693, 759, 1)
(164409, 823, 1)
(164448, 823, 1)
(164462, 823, 1)
(189451, 949, 1)
(189570, 949, 1)
(189561, 949, 1)
(189660, 950, 1)
(189693, 950, 1)
(189704, 950, 1)
(189783, 950, 1)
(189886, 951, 1)
(190052, 952, 1)
(190198, 952, 1)
(190223, 952, 1)
(208624, 1044, 1)
(208792, 1045, 1)
(208850, 1046, 1)
(208955, 1046, 1)
(183318, 918, 1)
(183423, 918, 1)
(219657, 1100, 1)
(219740, 1100, 1)
(219898, 1101, 1)
(220002, 1101, 1)
(220050, 1102, 1)
(220299, 1103, 1)
(220369, 1103, 1)
(220415, 1103, 1)
(232645, 1165, 1)
(223410, 1118, 1)
(223452, 1119, 1)
(223555, 1119, 1)
(223568, 1119, 1)
(223639, 1120, 1)
(224013, 1121, 1)
(224050, 1122, 1)
(224176, 1122, 1)
(224190, 1122, 1)
(224262, 1123, 1)
(226516, 1134, 1)
(226580, 1134, 1)
(226615, 1134, 1)
(226825, 1135, 1)
(226863, 1136, 1)
(39133, 196, 1)
(39227, 197, 1)
(39621, 199, 1)
(39674, 199, 1)
(39686, 199, 1)
(57430, 288, 1)
(57555, 288, 1)
(57553, 288, 1)
(57789, 289, 1)
(43886, 220, 1)
(43941, 220, 1)
(43964, 220, 1)
(55273, 277, 1)
(55630, 279, 1)
(55787, 279, 1)
(55939, 280, 1)
(101095, 506, 1)
(101126, 507, 1)
(101347, 508, 1)
(136958, 686, 1)
(137371, 688, 1)
(147009, 736, 1)
(147182, 737, 1)
(165305, 827, 1)
(165529, 829, 1)
(165698, 829, 1)
(180135, 902, 1)
(180339, 903, 1)
(180396, 903, 1)
(180508, 903, 1)
(180907, 905, 1)
(211065, 1057, 1)
(211273, 1058, 1)
(211361, 1058, 1)
(224598, 1124, 1)
(224633, 1124, 1)
(224650, 1125, 1)
(224944, 1126, 1)
(225133, 1127, 1)
(225286, 1128, 1)
(225411, 1128, 1)
(233440, 1169, 1)
(233674, 1170, 1)
(233713, 1170, 1)
(233727, 1170, 1)
(233748, 1170, 1)
(233745, 1170, 1)
(220933, 1106, 1)
(221116, 1107, 1)
(221140, 1107, 1)
(221151, 1107, 1)
(236438, 1184, 1)
(236653, 1185, 1)
(236765, 1185, 1)
(236829, 1185, 1)
(236975, 1186, 1)
(237034, 1186, 1)
(237262, 1188, 1)
(237306, 1188, 1)
(238505, 1194, 1)
(122924, 616, 1)
(123038, 616, 1)
(123409, 618, 1)
(123885, 620, 1)
