(36, 1, 1)
(453, 1, 1)
(464, 1, 1)
(484, 1, 1)
(611, 2, 1)
(653, 2, 1)
(646, 2, 1)
(816, 2, 1)
(4937, 11, 1)
(4986, 11, 1)
(5234, 11, 1)
(5812, 12, 1)
(60657, 125, 1)
(60782, 125, 1)
(60911, 126, 1)
(60996, 126, 1)
(61113, 126, 1)
(61181, 126, 1)
(64783, 134, 1)
(64907, 134, 1)
(65015, 134, 1)
(65008, 134, 1)
(65071, 134, 1)
(65077, 134, 1)
(65141, 134, 1)
(78681, 162, 1)
(78961, 162, 1)
(79060, 163, 1)
(79146, 163, 1)
(79549, 164, 1)
(79534, 164, 1)
(79592, 164, 1)
(79903, 164, 1)
(92569, 191, 1)
(92991, 191, 1)
(93197, 192, 1)
(93357, 192, 1)
(93392, 192, 1)
(93406, 192, 1)
(97530, 201, 1)
(97613, 201, 1)
(97708, 201, 1)
(98080, 202, 1)
(98145, 202, 1)
(98164, 202, 1)
(98189, 202, 1)
(98284, 202, 1)
(98336, 202, 1)
(104586, 215, 1)
(104653, 215, 1)
(104667, 215, 1)
(104865, 216, 1)
(105006, 216, 1)
(105012, 216, 1)
(111335, 229, 1)
(111364, 229, 1)
(111424, 229, 1)
(111630, 230, 1)
(111663, 230, 1)
(111698, 230, 1)
(111772, 230, 1)
(111795, 230, 1)
(112002, 230, 1)
(112048, 230, 1)
(112752, 232, 1)
(112932, 232, 1)
(113508, 233, 1)
(113620, 234, 1)
(113660, 234, 1)
(113750, 234, 1)
(139495, 287, 1)
(139589, 287, 1)
(139585, 287, 1)
(139732, 287, 1)
(139743, 287, 1)
(139775, 287, 1)
(139829, 287, 1)
(139859, 288, 1)
(231394, 476, 1)
(231486, 476, 1)
(231685, 476, 1)
(231795, 476, 1)
(231879, 477, 1)
(232039, 477, 1)
(232171, 477, 1)
(232357, 477, 1)
(232430, 478, 1)
(3950, 9, 1)
(3998, 9, 1)
(4105, 9, 1)
(4292, 9, 1)
(4517, 10, 1)
(4665, 10, 1)
(4708, 10, 1)
(4896, 10, 1)
(21832, 45, 1)
(21854, 45, 1)
(22032, 45, 1)
(22322, 46, 1)
(22368, 46, 1)
(22463, 46, 1)
(114369, 235, 1)
(114536, 235, 1)
(114733, 236, 1)
(114772, 236, 1)
(114868, 236, 1)
(220154, 453, 1)
(220258, 453, 1)
(220280, 453, 1)
(220345, 453, 1)
(220499, 453, 1)
(220641, 454, 1)
(220680, 454, 1)
(220855, 454, 1)
(220994, 454, 1)
(116078, 239, 1)
(116121, 239, 1)
(116120, 239, 1)
(116204, 239, 1)
(116339, 239, 1)
(116408, 239, 1)
(116741, 240, 1)
(116775, 240, 1)
(116844, 240, 1)
(116875, 240, 1)
(116977, 240, 1)
(117264, 241, 1)
(117333, 241, 1)
(117353, 241, 1)
(117420, 241, 1)
(117431, 241, 1)
(117901, 242, 1)
(121988, 251, 1)
(125702, 259, 1)
(125840, 259, 1)
(126000, 259, 1)
(126082, 259, 1)
(127720, 263, 1)
(127842, 263, 1)
(127992, 263, 1)
(128286, 264, 1)
(128365, 264, 1)
(128399, 264, 1)
(128473, 264, 1)
(128532, 264, 1)
(128552, 264, 1)
(129720, 267, 1)
(129726, 267, 1)
(129810, 267, 1)
(129847, 267, 1)
(129855, 267, 1)
(130492, 268, 1)
(130523, 268, 1)
(145409, 299, 1)
(145482, 299, 1)
(145525, 299, 1)
(146046, 300, 1)
(146429, 301, 1)
(146432, 301, 1)
(146684, 301, 1)
(146691, 301, 1)
(146711, 302, 1)
(146769, 302, 1)
(146873, 302, 1)
(147089, 302, 1)
(147245, 303, 1)
(147286, 303, 1)
(147285, 303, 1)
(147301, 303, 1)
(147343, 303, 1)
(147344, 303, 1)
(147580, 303, 1)
(147762, 304, 1)
(148059, 304, 1)
(149188, 307, 1)
(149387, 307, 1)
(149414, 307, 1)
(149486, 307, 1)
(149581, 307, 1)
(149960, 308, 1)
(240730, 495, 1)
(241397, 496, 1)
(611835, 1257, 1)
(611931, 1257, 1)
(612080, 1258, 1)
(612178, 1258, 1)
(612195, 1258, 1)
(612488, 1258, 1)
(9813, 21, 1)
(10109, 21, 1)
(10165, 21, 1)
(10189, 21, 1)
(10418, 22, 1)
(10545, 22, 1)
(10636, 22, 1)
(12103, 25, 1)
(12245, 25, 1)
(12391, 26, 1)
(12422, 26, 1)
(12565, 26, 1)
(35656, 74, 1)
(35908, 74, 1)
(53059, 109, 1)
(53129, 109, 1)
(53246, 110, 1)
(53281, 110, 1)
(53340, 110, 1)
(53531, 110, 1)
(53602, 110, 1)
(43060, 89, 1)
(43340, 89, 1)
(43392, 89, 1)
(43711, 90, 1)
(154976, 319, 1)
(155301, 319, 1)
(155494, 320, 1)
(155576, 320, 1)
(155679, 320, 1)
(155693, 320, 1)
(69330, 143, 1)
(69370, 143, 1)
(69473, 143, 1)
(69651, 143, 1)
(69729, 144, 1)
(69776, 144, 1)
(69780, 144, 1)
(69879, 144, 1)
(69913, 144, 1)
(69950, 144, 1)
(72284, 149, 1)
(72310, 149, 1)
(72377, 149, 1)
(72634, 150, 1)
(72737, 150, 1)
(72731, 150, 1)
(72878, 150, 1)
(72963, 150, 1)
(246086, 506, 1)
(252600, 519, 1)
(252766, 520, 1)
(252972, 520, 1)
(253192, 520, 1)
(253234, 520, 1)
(343393, 706, 1)
(343530, 706, 1)
(343537, 706, 1)
(460956, 947, 1)
(461277, 948, 1)
(461326, 948, 1)
(461461, 948, 1)
(408663, 840, 1)
(409046, 840, 1)
(411070, 845, 1)
(411178, 845, 1)
(411454, 845, 1)
(411604, 846, 1)
(411635, 846, 1)
(411653, 846, 1)
(411689, 846, 1)
(411745, 846, 1)
(447424, 919, 1)
(447460, 919, 1)
(447547, 919, 1)
(447634, 920, 1)
(447762, 920, 1)
(447841, 920, 1)
(452024, 929, 1)
(452189, 929, 1)
(452480, 929, 1)
(452663, 930, 1)
(452731, 930, 1)
(44267, 91, 1)
(44382, 91, 1)
(44399, 92, 1)
(44616, 92, 1)
(44628, 92, 1)
(44741, 92, 1)
(44791, 92, 1)
(44862, 92, 1)
(172650, 355, 1)
(172652, 355, 1)
(172661, 355, 1)
(172844, 355, 1)
(172875, 355, 1)
(50439, 104, 1)
(50484, 104, 1)
(50684, 104, 1)
(50754, 104, 1)
(57751, 119, 1)
(57772, 119, 1)
(57958, 119, 1)
(58053, 119, 1)
(58194, 120, 1)
(58482, 120, 1)
(58565, 120, 1)
(58592, 120, 1)
(54756, 113, 1)
(54981, 113, 1)
(55161, 113, 1)
(55169, 113, 1)
(55298, 114, 1)
(55342, 114, 1)
(55461, 114, 1)
(55465, 114, 1)
(55564, 114, 1)
(55648, 114, 1)
(150983, 311, 1)
(151118, 311, 1)
(151128, 311, 1)
(151229, 311, 1)
(151318, 311, 1)
(151332, 311, 1)
(151396, 311, 1)
(55705, 115, 1)
(55734, 115, 1)
(55730, 115, 1)
(55992, 115, 1)
(56026, 115, 1)
(56077, 115, 1)
(56147, 115, 1)
(56128, 115, 1)
(56431, 116, 1)
(56439, 116, 1)
(163778, 337, 1)
(164206, 338, 1)
(164322, 338, 1)
(164399, 338, 1)
(170598, 351, 1)
(170906, 351, 1)
(171151, 352, 1)
(174452, 359, 1)
(174874, 359, 1)
(183591, 378, 1)
(183602, 378, 1)
(183742, 378, 1)
(183833, 378, 1)
(183948, 378, 1)
(183983, 378, 1)
(192911, 397, 1)
(192945, 397, 1)
(193252, 397, 1)
(193271, 397, 1)
(193309, 397, 1)
(193354, 397, 1)
(193708, 398, 1)
(277553, 571, 1)
(277828, 571, 1)
(278478, 572, 1)
(288355, 593, 1)
(288468, 593, 1)
(288731, 593, 1)
(293347, 603, 1)
(293607, 603, 1)
(293622, 603, 1)
(293981, 604, 1)
(294033, 604, 1)
(297434, 611, 1)
(297566, 611, 1)
(421022, 865, 1)
(421051, 865, 1)
(421167, 865, 1)
(421213, 865, 1)
(421702, 866, 1)
(96997, 200, 1)
(97206, 200, 1)
(97252, 200, 1)
(97396, 200, 1)
(101458, 209, 1)
(101736, 209, 1)
(101874, 210, 1)
(101912, 210, 1)
(101942, 210, 1)
(102038, 210, 1)
(102085, 210, 1)
(102227, 210, 1)
(102243, 210, 1)
(105312, 217, 1)
(105475, 217, 1)
(105746, 218, 1)
(105808, 218, 1)
(105861, 218, 1)
(106019, 218, 1)
(106084, 218, 1)
(106388, 219, 1)
(115636, 238, 1)
(116014, 238, 1)
(122733, 253, 1)
(122755, 253, 1)
(123004, 253, 1)
(123204, 254, 1)
(123341, 254, 1)
(123400, 254, 1)
(123483, 254, 1)
(123539, 254, 1)
(123550, 254, 1)
(123800, 255, 1)
(124011, 255, 1)
(124175, 256, 1)
(124212, 256, 1)
(124218, 256, 1)
(124645, 256, 1)
(126774, 261, 1)
(126936, 261, 1)
(127059, 261, 1)
(127236, 262, 1)
(127407, 262, 1)
(127501, 262, 1)
(127565, 262, 1)
(131674, 271, 1)
(131736, 271, 1)
(131964, 271, 1)
(132226, 272, 1)
(132270, 272, 1)
(132369, 272, 1)
(150179, 309, 1)
(150334, 309, 1)
(150812, 310, 1)
(150838, 310, 1)
(150890, 310, 1)
(211371, 435, 1)
(211426, 435, 1)
(211670, 435, 1)
(211704, 435, 1)
(211871, 436, 1)
(212087, 436, 1)
(212919, 438, 1)
(213143, 438, 1)
(213177, 438, 1)
(213223, 438, 1)
(215333, 443, 1)
(215478, 443, 1)
(215738, 444, 1)
(215746, 444, 1)
(215931, 444, 1)
(216010, 444, 1)
(234404, 482, 1)
(234407, 482, 1)
(234558, 482, 1)
(234641, 482, 1)
(235949, 485, 1)
(236018, 485, 1)
(236112, 485, 1)
(236514, 486, 1)
(236628, 486, 1)
(237781, 489, 1)
(238360, 490, 1)
(238370, 490, 1)
(238462, 490, 1)
(239732, 493, 1)
(239950, 493, 1)
(240014, 493, 1)
(240127, 493, 1)
(120864, 249, 1)
(121321, 250, 1)
(121428, 250, 1)
(124741, 257, 1)
(124899, 257, 1)
(124896, 257, 1)
(124918, 257, 1)
(125075, 257, 1)
(125443, 258, 1)
(125638, 258, 1)
(179442, 369, 1)
(179826, 369, 1)
(180085, 370, 1)
(180099, 370, 1)
(180144, 370, 1)
(183144, 377, 1)
(183350, 377, 1)
(183361, 377, 1)
(183440, 377, 1)
(217608, 447, 1)
(218392, 449, 1)
(218426, 449, 1)
(218663, 450, 1)
(218912, 450, 1)
(219063, 450, 1)
(219098, 450, 1)
(219094, 450, 1)
(325498, 669, 1)
(325586, 669, 1)
(325782, 669, 1)
(325908, 670, 1)
(325922, 670, 1)
(326017, 670, 1)
(333062, 685, 1)
(333095, 685, 1)
(333297, 685, 1)
(333445, 685, 1)
(333668, 686, 1)
(333908, 686, 1)
(335979, 691, 1)
(336159, 691, 1)
(336170, 691, 1)
(336255, 691, 1)
(336248, 691, 1)
(336297, 691, 1)
(336455, 692, 1)
(336721, 692, 1)
(336903, 692, 1)
(344901, 709, 1)
(345026, 709, 1)
(337034, 693, 1)
(337172, 693, 1)
(337278, 693, 1)
(337566, 694, 1)
(337706, 694, 1)
(338129, 695, 1)
(338135, 695, 1)
(338280, 695, 1)
(338826, 696, 1)
(338832, 696, 1)
(440340, 905, 1)
(440552, 905, 1)
(440756, 906, 1)
(446818, 918, 1)
(446956, 918, 1)
(447022, 918, 1)
(527892, 1085, 1)
(528285, 1085, 1)
(528544, 1086, 1)
(529043, 1087, 1)
(529071, 1087, 1)
(529652, 1088, 1)
(529800, 1088, 1)
(187611, 386, 1)
(192083, 395, 1)
(192503, 396, 1)
(192541, 396, 1)
(192622, 396, 1)
(192640, 396, 1)
(192711, 396, 1)
(242014, 498, 1)
(242222, 498, 1)
(242308, 498, 1)
(242438, 498, 1)
(247522, 509, 1)
(247567, 509, 1)
(247668, 509, 1)
(247803, 509, 1)
(248172, 510, 1)
(248217, 510, 1)
(248259, 510, 1)
(248333, 510, 1)
(251727, 517, 1)
(252060, 518, 1)
(255274, 525, 1)
(255424, 525, 1)
(255644, 525, 1)
(255747, 526, 1)
(255755, 526, 1)
(255837, 526, 1)
(299690, 616, 1)
(299729, 616, 1)
(299733, 616, 1)
(299908, 616, 1)
(299989, 616, 1)
(300114, 617, 1)
(300181, 617, 1)
(300275, 617, 1)
(300501, 617, 1)
(300660, 618, 1)
(300758, 618, 1)
(300863, 618, 1)
(483973, 995, 1)
(484015, 995, 1)
(484576, 996, 1)
(484562, 996, 1)
(484720, 996, 1)
(488952, 1005, 1)
(489009, 1005, 1)
(489064, 1005, 1)
(489405, 1006, 1)
(496523, 1020, 1)
(519071, 1067, 1)
(519301, 1067, 1)
(519288, 1067, 1)
(519296, 1067, 1)
(519615, 1068, 1)
(500255, 1028, 1)
(500304, 1028, 1)
(500338, 1028, 1)
(504567, 1037, 1)
(504777, 1037, 1)
(505069, 1038, 1)
(505113, 1038, 1)
(505155, 1038, 1)
(505429, 1038, 1)
(505471, 1038, 1)
(598020, 1229, 1)
(598176, 1229, 1)
(598222, 1229, 1)
(598243, 1229, 1)
(598382, 1229, 1)
(598721, 1230, 1)
(599023, 1231, 1)
(599150, 1231, 1)
(599254, 1231, 1)
(599331, 1231, 1)
(599400, 1231, 1)
(599414, 1231, 1)
(599610, 1232, 1)
(599622, 1232, 1)
(599695, 1232, 1)
(599883, 1232, 1)
(256799, 528, 1)
(256879, 528, 1)
(257136, 528, 1)
(258454, 531, 1)
(258494, 531, 1)
(258571, 531, 1)
(258685, 532, 1)
(258754, 532, 1)
(258828, 532, 1)
(258863, 532, 1)
(258977, 532, 1)
(462878, 951, 1)
(462995, 951, 1)
(463048, 951, 1)
(463146, 952, 1)
(463334, 952, 1)
(463348, 952, 1)
(463514, 952, 1)
(479354, 985, 1)
(479345, 985, 1)
(479383, 985, 1)
(479489, 985, 1)
(479779, 986, 1)
(479855, 986, 1)
(480047, 986, 1)
(565076, 1161, 1)
(565655, 1162, 1)
(567940, 1167, 1)
(567983, 1167, 1)
(568005, 1167, 1)
(568151, 1167, 1)
(568704, 1168, 1)
(568710, 1168, 1)
(568781, 1168, 1)
(309294, 636, 1)
(309369, 636, 1)
(309685, 636, 1)
(315888, 649, 1)
(315894, 649, 1)
(315982, 649, 1)
(315981, 649, 1)
(316213, 650, 1)
(316316, 650, 1)
(316544, 650, 1)
(309762, 637, 1)
(310079, 637, 1)
(310278, 638, 1)
(310318, 638, 1)
(310340, 638, 1)
(310566, 638, 1)
(324418, 667, 1)
(324676, 667, 1)
(324822, 667, 1)
(324868, 667, 1)
(325026, 668, 1)
(325257, 668, 1)
(329400, 677, 1)
(329447, 677, 1)
(329528, 677, 1)
(330092, 678, 1)
(330177, 678, 1)
(330199, 678, 1)
(342983, 705, 1)
(388076, 797, 1)
(388083, 797, 1)
(388084, 797, 1)
(388236, 798, 1)
(388254, 798, 1)
(388306, 798, 1)
(388551, 798, 1)
(388661, 798, 1)
(388668, 798, 1)
(389854, 801, 1)
(389890, 801, 1)
(390099, 801, 1)
(455865, 937, 1)
(456060, 937, 1)
(456295, 938, 1)
(456389, 938, 1)
(456517, 938, 1)
(459763, 945, 1)
(460141, 946, 1)
(460312, 946, 1)
(540648, 1111, 1)
(540675, 1111, 1)
(540765, 1111, 1)
(540876, 1111, 1)
(540862, 1111, 1)
(540941, 1111, 1)
(540976, 1111, 1)
(541124, 1112, 1)
(541135, 1112, 1)
(541158, 1112, 1)
(541365, 1112, 1)
(541494, 1112, 1)
(541562, 1112, 1)
(546381, 1123, 1)
(546385, 1123, 1)
(546526, 1123, 1)
(575722, 1183, 1)
(575911, 1183, 1)
(576060, 1184, 1)
(576175, 1184, 1)
(576346, 1184, 1)
(576385, 1184, 1)
(577798, 1187, 1)
(577875, 1187, 1)
(600629, 1234, 1)
(600642, 1234, 1)
(600848, 1234, 1)
(601035, 1235, 1)
(601079, 1235, 1)
(601548, 1236, 1)
(601549, 1236, 1)
(601656, 1236, 1)
(601663, 1236, 1)
(601926, 1236, 1)
(15841, 33, 1)
(16648, 34, 1)
(82013, 169, 1)
(82312, 169, 1)
(82417, 169, 1)
(82690, 170, 1)
(82791, 170, 1)
(82780, 170, 1)
(82840, 170, 1)
(82847, 170, 1)
(82892, 170, 1)
(83357, 171, 1)
(83467, 172, 1)
(83591, 172, 1)
(83764, 172, 1)
(88955, 183, 1)
(89128, 183, 1)
(89226, 183, 1)
(89431, 184, 1)
(89474, 184, 1)
(89559, 184, 1)
(89604, 184, 1)
(89662, 184, 1)
(91352, 188, 1)
(91458, 188, 1)
(143932, 296, 1)
(144057, 296, 1)
(230072, 473, 1)
(230122, 473, 1)
(230098, 473, 1)
(230346, 473, 1)
(230393, 473, 1)
(230885, 474, 1)
(195047, 401, 1)
(195542, 402, 1)
(204835, 421, 1)
(205159, 422, 1)
(205323, 422, 1)
(205401, 422, 1)
(205477, 422, 1)
(221115, 455, 1)
(221279, 455, 1)
(221406, 455, 1)
(221692, 456, 1)
(221928, 456, 1)
(222007, 456, 1)
(229204, 471, 1)
(229255, 471, 1)
(229303, 471, 1)
(229435, 472, 1)
(229452, 472, 1)
(229463, 472, 1)
(229665, 472, 1)
(297840, 612, 1)
(297866, 612, 1)
(297994, 612, 1)
(298553, 613, 1)
(298648, 614, 1)
(298684, 614, 1)
(298740, 614, 1)
(298908, 614, 1)
(299096, 614, 1)
(604776, 1243, 1)
(604895, 1243, 1)
(604944, 1243, 1)
(604976, 1243, 1)
(604996, 1243, 1)
(605009, 1243, 1)
(605119, 1243, 1)
(605331, 1244, 1)
(605441, 1244, 1)
(610594, 1255, 1)
(610606, 1255, 1)
(610757, 1255, 1)
(610782, 1255, 1)
(610822, 1255, 1)
(610870, 1255, 1)
(611128, 1256, 1)
(611139, 1256, 1)
(611172, 1256, 1)
(611409, 1256, 1)
(611415, 1256, 1)
(611449, 1256, 1)
(28418, 58, 1)
(547272, 1125, 1)
(547430, 1125, 1)
(547622, 1125, 1)
(547741, 1126, 1)
(548187, 1126, 1)
(30329, 63, 1)
(30348, 63, 1)
(30478, 63, 1)
(30498, 63, 1)
(30550, 63, 1)
(30643, 63, 1)
(30828, 64, 1)
(30848, 64, 1)
(59615, 123, 1)
(59655, 123, 1)
(59723, 123, 1)
(59838, 123, 1)
(60175, 124, 1)
(60368, 124, 1)
(32348, 67, 1)
(32502, 67, 1)
(32549, 67, 1)
(32555, 67, 1)
(32735, 68, 1)
(32939, 68, 1)
(32957, 68, 1)
(32938, 68, 1)
(33098, 68, 1)
(47869, 99, 1)
(48305, 99, 1)
(161361, 332, 1)
(161405, 332, 1)
(161535, 332, 1)
(161595, 332, 1)
(161642, 332, 1)
(161691, 332, 1)
(168666, 347, 1)
(168894, 347, 1)
(168999, 347, 1)
(169257, 348, 1)
(169464, 348, 1)
(169479, 348, 1)
(165636, 341, 1)
(165661, 341, 1)
(165890, 341, 1)
(166147, 342, 1)
(166245, 342, 1)
(176458, 363, 1)
(176594, 363, 1)
(176974, 364, 1)
(176986, 364, 1)
(177341, 364, 1)
(241528, 497, 1)
(241582, 497, 1)
(241954, 497, 1)
(210795, 433, 1)
(210833, 433, 1)
(211003, 434, 1)
(211010, 434, 1)
(257271, 529, 1)
(257282, 529, 1)
(257483, 529, 1)
(257978, 530, 1)
(219373, 451, 1)
(219531, 451, 1)
(219711, 452, 1)
(219826, 452, 1)
(219912, 452, 1)
(228053, 469, 1)
(228246, 469, 1)
(228253, 469, 1)
(228322, 469, 1)
(228421, 469, 1)
(294961, 606, 1)
(294929, 606, 1)
(295160, 606, 1)
(301408, 619, 1)
(301488, 619, 1)
(301504, 619, 1)
(301467, 619, 1)
(606187, 1246, 1)
(606326, 1246, 1)
(606332, 1246, 1)
(606687, 1247, 1)
(606771, 1247, 1)
(606959, 1247, 1)
(607179, 1248, 1)
(607319, 1248, 1)
(607490, 1248, 1)
(607788, 1249, 1)
(607835, 1249, 1)
(608039, 1249, 1)
(608537, 1250, 1)
(608558, 1250, 1)
(608629, 1251, 1)
(608658, 1251, 1)
(608747, 1251, 1)
(608931, 1251, 1)
(609071, 1251, 1)
(609115, 1252, 1)
(609125, 1252, 1)
(609339, 1252, 1)
(609459, 1252, 1)
(609636, 1253, 1)
(610048, 1253, 1)
(610141, 1254, 1)
(28421, 59, 1)
(28731, 59, 1)
(28944, 60, 1)
(29279, 60, 1)
(29384, 60, 1)
(39177, 81, 1)
(39388, 81, 1)
(39509, 82, 1)
(39891, 82, 1)
(42002, 87, 1)
(42037, 87, 1)
(42092, 87, 1)
(42663, 88, 1)
(42702, 88, 1)
(42712, 88, 1)
(42891, 88, 1)
(51979, 107, 1)
(51982, 107, 1)
(52111, 107, 1)
(52710, 108, 1)
(186081, 383, 1)
(186213, 383, 1)
(186228, 383, 1)
(186312, 383, 1)
(186326, 383, 1)
(186468, 383, 1)
(186500, 383, 1)
(186663, 384, 1)
(186678, 384, 1)
(186951, 384, 1)
(190014, 391, 1)
(304183, 625, 1)
(304270, 625, 1)
(304278, 625, 1)
(304347, 626, 1)
(304384, 626, 1)
(304391, 626, 1)
(304545, 626, 1)
(304750, 626, 1)
(311763, 641, 1)
(311901, 641, 1)
(311915, 641, 1)
(311987, 641, 1)
(311999, 641, 1)
(330399, 679, 1)
(330507, 679, 1)
(330838, 680, 1)
(331064, 680, 1)
(331231, 680, 1)
(398791, 820, 1)
(398823, 820, 1)
(398940, 820, 1)
(398968, 820, 1)
(399056, 820, 1)
(399255, 820, 1)
(399259, 820, 1)
(400274, 823, 1)
(400383, 823, 1)
(400687, 823, 1)
(400712, 823, 1)
(400899, 824, 1)
(400969, 824, 1)
(401158, 824, 1)
(401162, 824, 1)
(487925, 1003, 1)
(487965, 1003, 1)
(488030, 1003, 1)
(488020, 1003, 1)
(488298, 1003, 1)
(488530, 1004, 1)
(488643, 1004, 1)
(488768, 1004, 1)
(574739, 1181, 1)
(574804, 1181, 1)
(574998, 1182, 1)
(575087, 1182, 1)
(575192, 1182, 1)
(575258, 1182, 1)
(576652, 1185, 1)
(576710, 1185, 1)
(576934, 1185, 1)
(41094, 85, 1)
(41169, 85, 1)
(41297, 85, 1)
(41462, 86, 1)
(41595, 86, 1)
(41720, 86, 1)
(47438, 98, 1)
(47535, 98, 1)
(47571, 98, 1)
(47604, 98, 1)
(47664, 98, 1)
(98441, 203, 1)
(98748, 203, 1)
(98835, 203, 1)
(98990, 204, 1)
(99034, 204, 1)
(100381, 207, 1)
(100457, 207, 1)
(100489, 207, 1)
(100511, 207, 1)
(100622, 207, 1)
(100665, 207, 1)
(100751, 207, 1)
(100804, 207, 1)
(100912, 208, 1)
(101001, 208, 1)
(101014, 208, 1)
(101051, 208, 1)
(101282, 208, 1)
(438784, 902, 1)
(438845, 902, 1)
(438956, 902, 1)
(439097, 902, 1)
(439249, 902, 1)
(439426, 903, 1)
(439537, 903, 1)
(439628, 903, 1)
(439773, 904, 1)
(439831, 904, 1)
(439952, 904, 1)
(439955, 904, 1)
(440075, 904, 1)
(442212, 909, 1)
(442293, 909, 1)
(442525, 909, 1)
(442551, 909, 1)
(442740, 910, 1)
(442806, 910, 1)
(442851, 910, 1)
(442903, 910, 1)
(443073, 910, 1)
(443098, 910, 1)
(443183, 911, 1)
(443205, 911, 1)
(443316, 911, 1)
(443589, 911, 1)
(443627, 911, 1)
(443720, 912, 1)
(443756, 912, 1)
(493992, 1015, 1)
(494254, 1016, 1)
(494403, 1016, 1)
(505587, 1039, 1)
(505816, 1039, 1)
(505909, 1039, 1)
(505948, 1039, 1)
(506006, 1040, 1)
(511457, 1051, 1)
(511549, 1051, 1)
(511598, 1051, 1)
(511634, 1051, 1)
(511645, 1051, 1)
(511813, 1051, 1)
(511852, 1051, 1)
(511848, 1051, 1)
(511975, 1052, 1)
(512186, 1052, 1)
(512275, 1052, 1)
(512472, 1053, 1)
(512615, 1053, 1)
(512636, 1053, 1)
(512804, 1053, 1)
(512810, 1053, 1)
(512819, 1053, 1)
(512904, 1054, 1)
(587294, 1207, 1)
(587397, 1207, 1)
(587684, 1207, 1)
(587891, 1208, 1)
(587900, 1208, 1)
(590101, 1212, 1)
(590471, 1213, 1)
(595220, 1223, 1)
(595307, 1223, 1)
(595442, 1223, 1)
(595548, 1223, 1)
(595557, 1223, 1)
(595593, 1224, 1)
(595634, 1224, 1)
(595743, 1224, 1)
(595925, 1224, 1)
(53749, 111, 1)
(53915, 111, 1)
(53990, 111, 1)
(54115, 111, 1)
(54179, 111, 1)
(54317, 112, 1)
(54570, 112, 1)
(56901, 117, 1)
(57010, 117, 1)
(57145, 118, 1)
(57621, 118, 1)
(207596, 427, 1)
(207808, 427, 1)
(207857, 427, 1)
(208332, 428, 1)
(208486, 428, 1)
(291530, 599, 1)
(291776, 600, 1)
(291791, 600, 1)
(291858, 600, 1)
(292173, 600, 1)
(209728, 431, 1)
(209763, 431, 1)
(209835, 431, 1)
(209944, 431, 1)
(210128, 432, 1)
(210198, 432, 1)
(210276, 432, 1)
(210348, 432, 1)
(210378, 432, 1)
(210465, 432, 1)
(299237, 615, 1)
(299391, 615, 1)
(299548, 615, 1)
(299567, 615, 1)
(305025, 627, 1)
(305294, 628, 1)
(305470, 628, 1)
(305729, 628, 1)
(311033, 639, 1)
(311135, 639, 1)
(311333, 640, 1)
(311364, 640, 1)
(311514, 640, 1)
(311534, 640, 1)
(311613, 640, 1)
(322437, 663, 1)
(322504, 663, 1)
(322523, 663, 1)
(322899, 663, 1)
(359533, 739, 1)
(359591, 739, 1)
(359630, 739, 1)
(359866, 739, 1)
(359878, 739, 1)
(359890, 739, 1)
(360028, 740, 1)
(360070, 740, 1)
(360212, 740, 1)
(360325, 740, 1)
(360389, 740, 1)
(346776, 713, 1)
(346901, 713, 1)
(347249, 714, 1)
(347507, 714, 1)
(347527, 714, 1)
(347581, 714, 1)
(347828, 715, 1)
(347972, 715, 1)
(347993, 715, 1)
(348245, 716, 1)
(348373, 716, 1)
(348394, 716, 1)
(348518, 716, 1)
(348563, 716, 1)
(403408, 829, 1)
(403488, 829, 1)
(403629, 829, 1)
(403693, 830, 1)
(403726, 830, 1)
(405354, 833, 1)
(405388, 833, 1)
(405578, 833, 1)
(405607, 833, 1)
(417542, 858, 1)
(426533, 877, 1)
(426923, 877, 1)
(427276, 878, 1)
(427373, 878, 1)
(427423, 878, 1)
(427430, 878, 1)
(522208, 1073, 1)
(522257, 1073, 1)
(522296, 1073, 1)
(522482, 1074, 1)
(527260, 1083, 1)
(527261, 1083, 1)
(591296, 1215, 1)
(591651, 1216, 1)
(591909, 1216, 1)
(592025, 1216, 1)
(593186, 1219, 1)
(593272, 1219, 1)
(593969, 1220, 1)
(594083, 1220, 1)
(118017, 243, 1)
(118100, 243, 1)
(118194, 243, 1)
(118633, 244, 1)
(118944, 244, 1)
(119114, 245, 1)
(119297, 245, 1)
(119382, 245, 1)
(119425, 245, 1)
(119479, 246, 1)
(119556, 246, 1)
(119739, 246, 1)
(119780, 246, 1)
(119891, 246, 1)
(284582, 585, 1)
(284818, 585, 1)
(284880, 585, 1)
(285062, 586, 1)
(285265, 586, 1)
(287446, 591, 1)
(287764, 591, 1)
(326471, 671, 1)
(326482, 671, 1)
(326492, 671, 1)
(326572, 671, 1)
(326578, 671, 1)
(326579, 671, 1)
(326781, 671, 1)
(326782, 671, 1)
(326921, 672, 1)
(326994, 672, 1)
(327044, 672, 1)
(327212, 672, 1)
(382850, 787, 1)
(382965, 787, 1)
(383024, 787, 1)
(382999, 787, 1)
(383078, 787, 1)
(383071, 787, 1)
(383356, 788, 1)
(383387, 788, 1)
(383470, 788, 1)
(383479, 788, 1)
(383559, 788, 1)
(383574, 788, 1)
(331411, 681, 1)
(331550, 681, 1)
(331648, 681, 1)
(331760, 682, 1)
(331878, 682, 1)
(331912, 682, 1)
(331933, 682, 1)
(331962, 682, 1)
(396463, 815, 1)
(396681, 815, 1)
(396863, 816, 1)
(397116, 816, 1)
(397263, 816, 1)
(397285, 816, 1)
(334022, 687, 1)
(334066, 687, 1)
(334089, 687, 1)
(334134, 687, 1)
(334162, 687, 1)
(334232, 687, 1)
(334256, 687, 1)
(334313, 687, 1)
(334389, 687, 1)
(334394, 687, 1)
(334705, 688, 1)
(334835, 688, 1)
(341966, 703, 1)
(342050, 703, 1)
(342100, 703, 1)
(342312, 703, 1)
(342449, 704, 1)
(342463, 704, 1)
(342620, 704, 1)
(341044, 701, 1)
(341055, 701, 1)
(341093, 701, 1)
(341143, 701, 1)
(341322, 701, 1)
(341454, 702, 1)
(341509, 702, 1)
(341666, 702, 1)
(501587, 1031, 1)
(501649, 1031, 1)
(501896, 1031, 1)
(502182, 1032, 1)
(502193, 1032, 1)
(502297, 1032, 1)
(502446, 1032, 1)
(502449, 1032, 1)
(502495, 1032, 1)
(373613, 768, 1)
(373678, 768, 1)
(373716, 768, 1)
(380877, 783, 1)
(381059, 783, 1)
(381061, 783, 1)
(381134, 783, 1)
(381136, 783, 1)
(381180, 783, 1)
(381398, 784, 1)
(381454, 784, 1)
(381534, 784, 1)
(381556, 784, 1)
(385175, 791, 1)
(385193, 791, 1)
(385222, 791, 1)
(385266, 792, 1)
(431512, 887, 1)
(432151, 888, 1)
(432192, 888, 1)
(432329, 888, 1)
(433482, 891, 1)
(433562, 891, 1)
(433645, 891, 1)
(433791, 891, 1)
(495276, 1018, 1)
(495238, 1018, 1)
(495342, 1018, 1)
(495452, 1018, 1)
(495462, 1018, 1)
(497753, 1023, 1)
(497845, 1023, 1)
(498113, 1023, 1)
(498348, 1024, 1)
(498389, 1024, 1)
(540106, 1110, 1)
(540165, 1110, 1)
(540302, 1110, 1)
(540479, 1110, 1)
(554175, 1139, 1)
(554243, 1139, 1)
(554318, 1139, 1)
(554478, 1139, 1)
(554512, 1139, 1)
(554488, 1139, 1)
(554558, 1139, 1)
(554616, 1140, 1)
(554752, 1140, 1)
(151523, 312, 1)
(151554, 312, 1)
(151605, 312, 1)
(151621, 312, 1)
(153514, 316, 1)
(153589, 316, 1)
(153697, 316, 1)
(182124, 375, 1)
(182230, 375, 1)
(182386, 375, 1)
(182649, 376, 1)
(182817, 376, 1)
(182881, 376, 1)
(202855, 417, 1)
(202955, 417, 1)
(203085, 417, 1)
(203112, 417, 1)
(332593, 684, 1)
(332753, 684, 1)
(332824, 684, 1)
(332959, 684, 1)
(409069, 841, 1)
(409115, 841, 1)
(409199, 841, 1)
(409451, 841, 1)
(409476, 841, 1)
(409544, 841, 1)
(409707, 842, 1)
(409719, 842, 1)
(409835, 842, 1)
(409950, 842, 1)
(352989, 725, 1)
(352982, 725, 1)
(353231, 726, 1)
(353240, 726, 1)
(353391, 726, 1)
(357553, 735, 1)
(357617, 735, 1)
(358122, 736, 1)
(358370, 736, 1)
(358445, 736, 1)
(362488, 745, 1)
(362761, 746, 1)
(362857, 746, 1)
(371274, 763, 1)
(371282, 763, 1)
(371402, 763, 1)
(371577, 764, 1)
(421810, 867, 1)
(422214, 867, 1)
(422293, 867, 1)
(424780, 873, 1)
(424937, 873, 1)
(424987, 873, 1)
(425306, 874, 1)
(425376, 874, 1)
(425525, 874, 1)
(448123, 921, 1)
(448492, 921, 1)
(448577, 922, 1)
(448593, 922, 1)
(448705, 922, 1)
(448691, 922, 1)
(448990, 922, 1)
(458683, 943, 1)
(458833, 943, 1)
(458890, 943, 1)
(458929, 943, 1)
(459172, 944, 1)
(459204, 944, 1)
(459487, 944, 1)
(516090, 1061, 1)
(516532, 1061, 1)
(516595, 1062, 1)
(516674, 1062, 1)
(516711, 1062, 1)
(516745, 1062, 1)
(516857, 1062, 1)
(516865, 1062, 1)
(531883, 1093, 1)
(532195, 1093, 1)
(532222, 1093, 1)
(523064, 1075, 1)
(523124, 1075, 1)
(523171, 1075, 1)
(523278, 1075, 1)
(523371, 1075, 1)
(523490, 1076, 1)
(523504, 1076, 1)
(184250, 379, 1)
(184285, 379, 1)
(184439, 379, 1)
(184506, 379, 1)
(184542, 380, 1)
(184681, 380, 1)
(195937, 403, 1)
(196292, 403, 1)
(196309, 404, 1)
(196649, 404, 1)
(196753, 404, 1)
(246479, 507, 1)
(246725, 507, 1)
(246792, 507, 1)
(246921, 508, 1)
(247154, 508, 1)
(247163, 508, 1)
(247200, 508, 1)
(267402, 549, 1)
(267437, 549, 1)
(359033, 738, 1)
(359219, 738, 1)
(360533, 741, 1)
(360642, 741, 1)
(360685, 741, 1)
(361264, 742, 1)
(361271, 742, 1)
(361285, 742, 1)
(361305, 742, 1)
(361320, 742, 1)
(364354, 749, 1)
(364445, 749, 1)
(365048, 750, 1)
(368167, 757, 1)
(368374, 757, 1)
(368494, 757, 1)
(368666, 758, 1)
(369074, 758, 1)
(374975, 771, 1)
(375020, 771, 1)
(375049, 771, 1)
(375172, 771, 1)
(375462, 772, 1)
(375519, 772, 1)
(375700, 772, 1)
(375730, 772, 1)
(375782, 772, 1)
(375800, 772, 1)
(375868, 772, 1)
(420442, 864, 1)
(420478, 864, 1)
(420700, 864, 1)
(429637, 883, 1)
(429802, 883, 1)
(429810, 883, 1)
(430090, 884, 1)
(430145, 884, 1)
(430277, 884, 1)
(430283, 884, 1)
(430426, 884, 1)
(444185, 913, 1)
(444344, 913, 1)
(444370, 913, 1)
(444456, 913, 1)
(444498, 913, 1)
(444532, 913, 1)
(444576, 913, 1)
(444820, 914, 1)
(444895, 914, 1)
(445041, 914, 1)
(461674, 949, 1)
(461851, 949, 1)
(462047, 949, 1)
(462055, 949, 1)
(462271, 950, 1)
(462390, 950, 1)
(464579, 955, 1)
(464630, 955, 1)
(464695, 955, 1)
(465034, 956, 1)
(465334, 956, 1)
(561155, 1153, 1)
(561192, 1153, 1)
(561539, 1154, 1)
(561543, 1154, 1)
(561562, 1154, 1)
(561711, 1154, 1)
(561804, 1154, 1)
(561911, 1154, 1)
(562168, 1155, 1)
(562276, 1155, 1)
(562310, 1155, 1)
(562423, 1155, 1)
(581402, 1195, 1)
(581545, 1195, 1)
(582069, 1196, 1)
(587138, 1206, 1)
(587213, 1206, 1)
(588371, 1209, 1)
(588412, 1209, 1)
(588617, 1209, 1)
(588726, 1210, 1)
(588763, 1210, 1)
(589142, 1210, 1)
(227565, 468, 1)
(235049, 483, 1)
(235108, 483, 1)
(235159, 483, 1)
(235233, 483, 1)
(235491, 484, 1)
(235602, 484, 1)
(228504, 470, 1)
(228665, 470, 1)
(228694, 470, 1)
(228907, 470, 1)
(237331, 488, 1)
(237390, 488, 1)
(237628, 488, 1)
(237741, 488, 1)
(477315, 981, 1)
(477459, 981, 1)
(477464, 981, 1)
(477610, 981, 1)
(477982, 982, 1)
(478159, 982, 1)
(478241, 982, 1)
(483105, 993, 1)
(483272, 993, 1)
(483412, 993, 1)
(481182, 988, 1)
(481395, 989, 1)
(481988, 990, 1)
(502613, 1033, 1)
(502671, 1033, 1)
(502684, 1033, 1)
(503233, 1034, 1)
(503287, 1034, 1)
(503655, 1035, 1)
(503792, 1035, 1)
(503801, 1035, 1)
(503807, 1035, 1)
(504004, 1035, 1)
(504311, 1036, 1)
(504365, 1036, 1)
(527368, 1084, 1)
(527499, 1084, 1)
(527518, 1084, 1)
(527548, 1084, 1)
(527582, 1084, 1)
(527643, 1084, 1)
(527670, 1084, 1)
(535236, 1100, 1)
(535297, 1100, 1)
(535330, 1100, 1)
(535348, 1100, 1)
(535412, 1100, 1)
(535538, 1100, 1)
(535764, 1101, 1)
(535883, 1101, 1)
(535930, 1101, 1)
(535979, 1101, 1)
(536152, 1101, 1)
(536297, 1102, 1)
(536314, 1102, 1)
(536460, 1102, 1)
(536573, 1102, 1)
(544512, 1119, 1)
(544547, 1119, 1)
(544729, 1119, 1)
(544750, 1119, 1)
(556174, 1143, 1)
(556214, 1143, 1)
(556415, 1143, 1)
(556475, 1143, 1)
(556617, 1144, 1)
(556749, 1144, 1)
(556902, 1144, 1)
(563974, 1159, 1)
(564111, 1159, 1)
(564103, 1159, 1)
(564377, 1159, 1)
(564494, 1160, 1)
(564565, 1160, 1)
(564658, 1160, 1)
(570862, 1173, 1)
(571272, 1174, 1)
(571281, 1174, 1)
(571329, 1174, 1)
(571414, 1174, 1)
(571463, 1174, 1)
(571520, 1174, 1)
(571696, 1174, 1)
(571822, 1175, 1)
(571955, 1175, 1)
(572345, 1176, 1)
(572448, 1176, 1)
(572522, 1176, 1)
(580947, 1194, 1)
(581272, 1194, 1)
(583378, 1199, 1)
(583435, 1199, 1)
(583539, 1199, 1)
(583574, 1199, 1)
(583759, 1199, 1)
(583907, 1200, 1)
(584059, 1200, 1)
(585421, 1203, 1)
(585487, 1203, 1)
(585696, 1203, 1)
(585864, 1204, 1)
(585973, 1204, 1)
(586279, 1205, 1)
(11095, 23, 1)
(11132, 23, 1)
(11424, 24, 1)
(11652, 24, 1)
(20832, 43, 1)
(20862, 43, 1)
(21115, 44, 1)
(21197, 44, 1)
(21407, 44, 1)
(31359, 65, 1)
(31590, 65, 1)
(31800, 66, 1)
(31840, 66, 1)
(31952, 66, 1)
(36424, 75, 1)
(36527, 75, 1)
(36619, 76, 1)
(37128, 77, 1)
(37428, 77, 1)
(37532, 77, 1)
(38017, 78, 1)
(158840, 327, 1)
(158912, 327, 1)
(158950, 327, 1)
(159087, 327, 1)
(159107, 327, 1)
(38347, 79, 1)
(38404, 79, 1)
(38620, 80, 1)
(38878, 80, 1)
(40093, 83, 1)
(40391, 83, 1)
(40450, 83, 1)
(40496, 84, 1)
(40642, 84, 1)
(40636, 84, 1)
(46734, 96, 1)
(46793, 96, 1)
(171549, 353, 1)
(171754, 353, 1)
(172203, 354, 1)
(172283, 354, 1)
(49038, 101, 1)
(49066, 101, 1)
(49117, 101, 1)
(49265, 101, 1)
(49288, 101, 1)
(49431, 102, 1)
(49778, 102, 1)
(50872, 105, 1)
(51047, 105, 1)
(51060, 105, 1)
(51145, 105, 1)
(51256, 106, 1)
(51434, 106, 1)
(51471, 106, 1)
(51502, 106, 1)
(152006, 313, 1)
(152102, 313, 1)
(152128, 313, 1)
(152215, 313, 1)
(152525, 314, 1)
(152573, 314, 1)
(152599, 314, 1)
(203907, 419, 1)
(204069, 419, 1)
(204135, 419, 1)
(204323, 420, 1)
(204479, 420, 1)
(174958, 360, 1)
(174960, 360, 1)
(175288, 360, 1)
(175887, 361, 1)
(176133, 362, 1)
(178752, 367, 1)
(178859, 368, 1)
(178861, 368, 1)
(179059, 368, 1)
(185104, 381, 1)
(185165, 381, 1)
(193863, 399, 1)
(194041, 399, 1)
(194066, 399, 1)
(194116, 399, 1)
(194169, 399, 1)
(194379, 400, 1)
(194441, 400, 1)
(194565, 400, 1)
(194634, 400, 1)
(194781, 400, 1)
(243966, 502, 1)
(244099, 502, 1)
(244222, 502, 1)
(244244, 502, 1)
(244300, 502, 1)
(244334, 502, 1)
(256400, 527, 1)
(256453, 527, 1)
(256498, 527, 1)
(253426, 521, 1)
(253449, 521, 1)
(253487, 521, 1)
(253544, 521, 1)
(253605, 521, 1)
(253713, 521, 1)
(253753, 522, 1)
(253840, 522, 1)
(268041, 551, 1)
(268244, 551, 1)
(268298, 551, 1)
(268335, 551, 1)
(260221, 535, 1)
(260367, 535, 1)
(260514, 535, 1)
(260660, 536, 1)
(271050, 557, 1)
(271140, 557, 1)
(271219, 557, 1)
(271361, 557, 1)
(271491, 558, 1)
(271520, 558, 1)
(280254, 576, 1)
(280473, 576, 1)
(289532, 595, 1)
(289539, 595, 1)
(289604, 595, 1)
(289632, 595, 1)
(289660, 595, 1)
(290075, 596, 1)
(290114, 596, 1)
(290132, 596, 1)
(290165, 596, 1)
(290215, 596, 1)
(290205, 596, 1)
(290264, 596, 1)
(518437, 1065, 1)
(518587, 1066, 1)
(519015, 1066, 1)
(519013, 1066, 1)
(530818, 1091, 1)
(530824, 1091, 1)
(530829, 1091, 1)
(531140, 1091, 1)
(531202, 1091, 1)
(531215, 1091, 1)
(33475, 69, 1)
(33491, 69, 1)
(33530, 69, 1)
(33589, 69, 1)
(33667, 70, 1)
(33694, 70, 1)
(33842, 70, 1)
(34101, 70, 1)
(34104, 70, 1)
(34210, 71, 1)
(34294, 71, 1)
(34492, 71, 1)
(34933, 72, 1)
(35017, 72, 1)
(49915, 103, 1)
(93634, 193, 1)
(93794, 193, 1)
(93843, 193, 1)
(94280, 194, 1)
(156192, 321, 1)
(156374, 322, 1)
(156439, 322, 1)
(156575, 322, 1)
(156653, 322, 1)
(169571, 349, 1)
(169762, 349, 1)
(169780, 349, 1)
(170181, 350, 1)
(162342, 334, 1)
(162487, 334, 1)
(162596, 334, 1)
(167773, 345, 1)
(167915, 345, 1)
(168161, 346, 1)
(168174, 346, 1)
(168433, 346, 1)
(168534, 346, 1)
(197038, 405, 1)
(197121, 405, 1)
(197539, 406, 1)
(197572, 406, 1)
(199070, 409, 1)
(199352, 410, 1)
(200230, 412, 1)
(200403, 412, 1)
(200424, 412, 1)
(200674, 412, 1)
(200880, 413, 1)
(201083, 413, 1)
(201124, 413, 1)
(201132, 413, 1)
(201291, 414, 1)
(201420, 414, 1)
(201486, 414, 1)
(201554, 414, 1)
(201577, 414, 1)
(201651, 414, 1)
(275740, 567, 1)
(275901, 567, 1)
(276035, 567, 1)
(280634, 577, 1)
(280730, 577, 1)
(280829, 577, 1)
(281156, 578, 1)
(281171, 578, 1)
(281731, 579, 1)
(281732, 579, 1)
(281821, 579, 1)
(281831, 579, 1)
(282103, 580, 1)
(282681, 581, 1)
(321182, 660, 1)
(321214, 660, 1)
(328355, 675, 1)
(328408, 675, 1)
(328490, 675, 1)
(328732, 675, 1)
(328846, 676, 1)
(329118, 676, 1)
(329141, 676, 1)
(329256, 676, 1)
(456810, 939, 1)
(456804, 939, 1)
(456838, 939, 1)
(457059, 939, 1)
(457157, 939, 1)
(457250, 940, 1)
(457469, 940, 1)
(457504, 940, 1)
(473356, 973, 1)
(473459, 973, 1)
(473666, 973, 1)
(473786, 973, 1)
(474018, 974, 1)
(474052, 974, 1)
(474111, 974, 1)
(474153, 974, 1)
(474188, 974, 1)
(474277, 974, 1)
(506599, 1041, 1)
(506677, 1041, 1)
(506798, 1041, 1)
(506873, 1041, 1)
(547145, 1124, 1)
(547242, 1124, 1)
(548486, 1127, 1)
(548533, 1127, 1)
(548573, 1127, 1)
(548571, 1127, 1)
(548707, 1127, 1)
(548746, 1128, 1)
(549003, 1128, 1)
(549029, 1128, 1)
(549090, 1128, 1)
(549181, 1128, 1)
(549187, 1128, 1)
(45036, 93, 1)
(45078, 93, 1)
(45117, 93, 1)
(45127, 93, 1)
(45194, 93, 1)
(45248, 93, 1)
(45278, 93, 1)
(46030, 95, 1)
(46149, 95, 1)
(58661, 121, 1)
(58861, 121, 1)
(59015, 121, 1)
(59222, 122, 1)
(166696, 343, 1)
(166782, 343, 1)
(167046, 343, 1)
(167361, 344, 1)
(77216, 159, 1)
(77525, 160, 1)
(77573, 160, 1)
(77672, 160, 1)
(77753, 160, 1)
(77917, 160, 1)
(78014, 161, 1)
(78155, 161, 1)
(78257, 161, 1)
(78296, 161, 1)
(177496, 365, 1)
(178004, 366, 1)
(181144, 373, 1)
(181212, 373, 1)
(181262, 373, 1)
(181577, 373, 1)
(181625, 374, 1)
(181616, 374, 1)
(181773, 374, 1)
(181906, 374, 1)
(205772, 423, 1)
(205814, 423, 1)
(205967, 423, 1)
(206090, 423, 1)
(206515, 424, 1)
(248420, 511, 1)
(248589, 511, 1)
(248839, 512, 1)
(248943, 512, 1)
(249038, 512, 1)
(249216, 512, 1)
(249286, 512, 1)
(223139, 459, 1)
(223537, 459, 1)
(223802, 460, 1)
(223912, 460, 1)
(224006, 460, 1)
(233853, 481, 1)
(233967, 481, 1)
(233985, 481, 1)
(234091, 481, 1)
(234188, 481, 1)
(254250, 523, 1)
(254462, 523, 1)
(254571, 523, 1)
(254675, 523, 1)
(254900, 524, 1)
(255097, 524, 1)
(255155, 524, 1)
(265241, 545, 1)
(265381, 545, 1)
(265508, 546, 1)
(265734, 546, 1)
(265922, 546, 1)
(264094, 543, 1)
(264517, 544, 1)
(264521, 544, 1)
(264528, 544, 1)
(264568, 544, 1)
(264671, 544, 1)
(266142, 547, 1)
(266370, 547, 1)
(266721, 548, 1)
(272771, 561, 1)
(272965, 561, 1)
(272983, 561, 1)
(273140, 562, 1)
(273194, 562, 1)
(273460, 562, 1)
(273515, 562, 1)
(273558, 562, 1)
(273577, 562, 1)
(285699, 587, 1)
(285791, 587, 1)
(285831, 587, 1)
(283009, 582, 1)
(283194, 582, 1)
(283273, 582, 1)
(283370, 582, 1)
(286667, 589, 1)
(286834, 589, 1)
(286927, 590, 1)
(286924, 590, 1)
(317916, 653, 1)
(318095, 654, 1)
(318234, 654, 1)
(318250, 654, 1)
(320794, 659, 1)
(320866, 659, 1)
(320949, 659, 1)
(320114, 658, 1)
(320230, 658, 1)
(320248, 658, 1)
(320371, 658, 1)
(395734, 813, 1)
(396081, 814, 1)
(417909, 859, 1)
(417925, 859, 1)
(417942, 859, 1)
(417978, 859, 1)
(418197, 859, 1)
(418690, 860, 1)
(418804, 860, 1)
(419899, 863, 1)
(420136, 863, 1)
(423108, 870, 1)
(423145, 870, 1)
(423391, 870, 1)
(425956, 875, 1)
(426069, 876, 1)
(426079, 876, 1)
(426131, 876, 1)
(426155, 876, 1)
(426369, 876, 1)
(426381, 876, 1)
(450621, 926, 1)
(450642, 926, 1)
(450730, 926, 1)
(450859, 926, 1)
(450974, 926, 1)
(457800, 941, 1)
(458050, 941, 1)
(458138, 941, 1)
(458273, 942, 1)
(458596, 942, 1)
(65601, 135, 1)
(65764, 136, 1)
(65853, 136, 1)
(65909, 136, 1)
(73113, 151, 1)
(73217, 151, 1)
(73227, 151, 1)
(73251, 151, 1)
(73275, 151, 1)
(73820, 152, 1)
(71236, 147, 1)
(71256, 147, 1)
(71408, 147, 1)
(71423, 147, 1)
(71510, 147, 1)
(71660, 148, 1)
(71877, 148, 1)
(74167, 153, 1)
(74197, 153, 1)
(74192, 153, 1)
(74445, 153, 1)
(74441, 153, 1)
(74574, 153, 1)
(74679, 154, 1)
(81167, 167, 1)
(110442, 227, 1)
(110916, 228, 1)
(126216, 260, 1)
(214312, 441, 1)
(214478, 441, 1)
(214488, 441, 1)
(214634, 441, 1)
(214723, 441, 1)
(214750, 442, 1)
(215044, 442, 1)
(130804, 269, 1)
(130921, 269, 1)
(130931, 269, 1)
(131137, 270, 1)
(131313, 270, 1)
(131501, 270, 1)
(138426, 285, 1)
(138566, 285, 1)
(138577, 285, 1)
(138903, 286, 1)
(138987, 286, 1)
(139267, 286, 1)
(139341, 286, 1)
(133663, 275, 1)
(134077, 276, 1)
(134159, 276, 1)
(143334, 295, 1)
(143371, 295, 1)
(143534, 295, 1)
(143660, 295, 1)
(143688, 295, 1)
(135521, 279, 1)
(135806, 279, 1)
(136076, 280, 1)
(136182, 280, 1)
(136226, 280, 1)
(136367, 280, 1)
(144705, 297, 1)
(144937, 298, 1)
(144986, 298, 1)
(148208, 305, 1)
(148199, 305, 1)
(148560, 305, 1)
(148756, 306, 1)
(148951, 306, 1)
(148946, 306, 1)
(212336, 437, 1)
(212580, 437, 1)
(222091, 457, 1)
(222084, 457, 1)
(222122, 457, 1)
(222346, 457, 1)
(222578, 458, 1)
(222716, 458, 1)
(224066, 461, 1)
(224460, 461, 1)
(224540, 462, 1)
(224553, 462, 1)
(224788, 462, 1)
(224801, 462, 1)
(225229, 463, 1)
(225284, 463, 1)
(225576, 464, 1)
(225607, 464, 1)
(225757, 464, 1)
(225848, 464, 1)
(240473, 494, 1)
(240598, 494, 1)
(240652, 494, 1)
(603778, 1241, 1)
(603806, 1241, 1)
(603812, 1241, 1)
(604190, 1241, 1)
(604387, 1242, 1)
(604475, 1242, 1)
(94799, 195, 1)
(94833, 195, 1)
(94834, 195, 1)
(94906, 195, 1)
(95229, 196, 1)
(95413, 196, 1)
(154106, 317, 1)
(154245, 317, 1)
(154573, 318, 1)
(154603, 318, 1)
(154692, 318, 1)
(154797, 318, 1)
(187134, 385, 1)
(187243, 385, 1)
(157962, 325, 1)
(158090, 325, 1)
(158139, 325, 1)
(158334, 326, 1)
(158436, 326, 1)
(158715, 326, 1)
(158734, 326, 1)
(161742, 333, 1)
(162068, 333, 1)
(162083, 333, 1)
(162190, 333, 1)
(162716, 335, 1)
(162925, 335, 1)
(162945, 335, 1)
(162958, 335, 1)
(162965, 335, 1)
(163019, 335, 1)
(163150, 335, 1)
(163224, 336, 1)
(163348, 336, 1)
(163503, 336, 1)
(163577, 336, 1)
(164684, 339, 1)
(164823, 339, 1)
(164852, 339, 1)
(164866, 339, 1)
(164891, 339, 1)
(164964, 339, 1)
(164988, 339, 1)
(165029, 339, 1)
(173028, 356, 1)
(173437, 356, 1)
(173491, 357, 1)
(173498, 357, 1)
(173608, 357, 1)
(173752, 357, 1)
(174229, 358, 1)
(174218, 358, 1)
(174416, 358, 1)
(174424, 358, 1)
(174428, 358, 1)
(180428, 371, 1)
(180516, 371, 1)
(180658, 371, 1)
(180690, 371, 1)
(180846, 372, 1)
(181000, 372, 1)
(189254, 389, 1)
(189432, 389, 1)
(189533, 390, 1)
(189641, 390, 1)
(189772, 390, 1)
(189813, 390, 1)
(189814, 390, 1)
(190455, 392, 1)
(190698, 392, 1)
(190749, 392, 1)
(190854, 392, 1)
(190925, 393, 1)
(191064, 393, 1)
(191085, 393, 1)
(191226, 393, 1)
(191253, 393, 1)
(191320, 393, 1)
(191476, 394, 1)
(191487, 394, 1)
(191563, 394, 1)
(191605, 394, 1)
(191688, 394, 1)
(203214, 418, 1)
(203431, 418, 1)
(278940, 573, 1)
(278974, 573, 1)
(279186, 574, 1)
(279423, 574, 1)
(226123, 465, 1)
(226358, 465, 1)
(226369, 465, 1)
(226660, 466, 1)
(226882, 466, 1)
(227075, 467, 1)
(232990, 479, 1)
(233135, 479, 1)
(233726, 480, 1)
(268491, 552, 1)
(268637, 552, 1)
(268781, 552, 1)
(268920, 552, 1)
(269408, 553, 1)
(269451, 554, 1)
(269502, 554, 1)
(269523, 554, 1)
(269754, 554, 1)
(269792, 554, 1)
(269853, 554, 1)
(288892, 594, 1)
(288992, 594, 1)
(289023, 594, 1)
(289109, 594, 1)
(289181, 594, 1)
(292287, 601, 1)
(292337, 601, 1)
(292471, 601, 1)
(292624, 601, 1)
(292922, 602, 1)
(292952, 602, 1)
(292977, 602, 1)
(293034, 602, 1)
(293202, 602, 1)
(508462, 1045, 1)
(508769, 1045, 1)
(508802, 1045, 1)
(509007, 1046, 1)
(509039, 1046, 1)
(509226, 1046, 1)
(509357, 1046, 1)
(159307, 328, 1)
(159418, 328, 1)
(159568, 328, 1)
(188363, 387, 1)
(188450, 387, 1)
(188694, 388, 1)
(188804, 388, 1)
(197808, 407, 1)
(197901, 407, 1)
(197977, 407, 1)
(198062, 407, 1)
(198173, 407, 1)
(198214, 407, 1)
(198232, 407, 1)
(198265, 408, 1)
(198428, 408, 1)
(198437, 408, 1)
(199910, 411, 1)
(200091, 411, 1)
(305983, 629, 1)
(306004, 629, 1)
(306206, 629, 1)
(306294, 630, 1)
(306458, 630, 1)
(306586, 630, 1)
(306692, 630, 1)
(306721, 630, 1)
(339916, 699, 1)
(340110, 699, 1)
(340225, 699, 1)
(340330, 699, 1)
(340687, 700, 1)
(340754, 700, 1)
(307741, 633, 1)
(307760, 633, 1)
(308038, 633, 1)
(308220, 633, 1)
(308203, 633, 1)
(308290, 634, 1)
(308518, 634, 1)
(309059, 635, 1)
(375988, 773, 1)
(376373, 773, 1)
(376715, 774, 1)
(376852, 774, 1)
(378019, 777, 1)
(378068, 777, 1)
(378266, 777, 1)
(378411, 778, 1)
(378554, 778, 1)
(378798, 778, 1)
(390209, 802, 1)
(390375, 802, 1)
(390610, 802, 1)
(392725, 807, 1)
(392825, 807, 1)
(393045, 808, 1)
(393206, 808, 1)
(393354, 808, 1)
(412175, 847, 1)
(412182, 847, 1)
(412227, 847, 1)
(412648, 848, 1)
(412729, 848, 1)
(412751, 848, 1)
(412961, 848, 1)
(422623, 869, 1)
(422630, 869, 1)
(422677, 869, 1)
(422833, 869, 1)
(465520, 957, 1)
(465659, 957, 1)
(465884, 957, 1)
(466115, 958, 1)
(466378, 958, 1)
(498852, 1025, 1)
(498908, 1025, 1)
(499063, 1025, 1)
(499250, 1026, 1)
(499270, 1026, 1)
(499244, 1026, 1)
(499496, 1026, 1)
(499580, 1026, 1)
(541662, 1113, 1)
(541736, 1113, 1)
(541947, 1113, 1)
(541983, 1113, 1)
(542240, 1114, 1)
(542359, 1114, 1)
(549545, 1129, 1)
(549598, 1129, 1)
(549687, 1129, 1)
(549769, 1130, 1)
(549811, 1130, 1)
(549899, 1130, 1)
(550010, 1130, 1)
(550059, 1130, 1)
(552206, 1135, 1)
(552541, 1135, 1)
(552839, 1136, 1)
(552977, 1136, 1)
(578484, 1189, 1)
(578687, 1189, 1)
(578813, 1189, 1)
(579221, 1190, 1)
(580432, 1193, 1)
(580832, 1193, 1)
(594181, 1221, 1)
(594506, 1221, 1)
(594537, 1221, 1)
(594691, 1222, 1)
(599987, 1233, 1)
(600034, 1233, 1)
(600174, 1233, 1)
(600243, 1233, 1)
(201721, 415, 1)
(201855, 415, 1)
(201915, 415, 1)
(202127, 415, 1)
(202165, 415, 1)
(202289, 416, 1)
(202500, 416, 1)
(242546, 499, 1)
(242615, 499, 1)
(242683, 499, 1)
(242895, 499, 1)
(242919, 499, 1)
(242931, 499, 1)
(243153, 500, 1)
(259182, 533, 1)
(259296, 533, 1)
(259340, 533, 1)
(259362, 533, 1)
(259527, 533, 1)
(259551, 533, 1)
(259582, 533, 1)
(259602, 533, 1)
(259819, 534, 1)
(259931, 534, 1)
(261109, 537, 1)
(261127, 537, 1)
(261164, 537, 1)
(261463, 537, 1)
(261563, 537, 1)
(262171, 539, 1)
(262272, 539, 1)
(262636, 540, 1)
(262710, 540, 1)
(262699, 540, 1)
(279957, 575, 1)
(279985, 575, 1)
(338946, 697, 1)
(339098, 697, 1)
(339189, 697, 1)
(339230, 697, 1)
(339444, 698, 1)
(339641, 698, 1)
(346007, 711, 1)
(346107, 711, 1)
(346130, 711, 1)
(346208, 711, 1)
(345514, 710, 1)
(345539, 710, 1)
(354937, 729, 1)
(354961, 729, 1)
(355104, 730, 1)
(355149, 730, 1)
(355164, 730, 1)
(355262, 730, 1)
(355303, 730, 1)
(355363, 730, 1)
(351771, 723, 1)
(351900, 723, 1)
(351955, 723, 1)
(351966, 723, 1)
(351974, 723, 1)
(352368, 724, 1)
(352418, 724, 1)
(352466, 724, 1)
(352507, 724, 1)
(355948, 731, 1)
(355989, 731, 1)
(356062, 732, 1)
(356103, 732, 1)
(356225, 732, 1)
(356245, 732, 1)
(356471, 732, 1)
(366347, 753, 1)
(366411, 753, 1)
(366587, 753, 1)
(366641, 754, 1)
(366732, 754, 1)
(366855, 754, 1)
(369140, 759, 1)
(369218, 759, 1)
(369493, 759, 1)
(369618, 760, 1)
(369921, 760, 1)
(419127, 861, 1)
(419146, 861, 1)
(419205, 861, 1)
(419359, 862, 1)
(419570, 862, 1)
(419588, 862, 1)
(419688, 862, 1)
(501110, 1030, 1)
(501473, 1030, 1)
(501512, 1030, 1)
(510698, 1049, 1)
(510824, 1049, 1)
(511055, 1050, 1)
(511250, 1050, 1)
(511318, 1050, 1)
(509878, 1047, 1)
(509915, 1048, 1)
(510207, 1048, 1)
(510307, 1048, 1)
(510337, 1048, 1)
(531376, 1092, 1)
(531578, 1092, 1)
(543351, 1117, 1)
(543400, 1117, 1)
(543438, 1117, 1)
(543633, 1117, 1)
(543758, 1117, 1)
(544033, 1118, 1)
(544154, 1118, 1)
(544182, 1118, 1)
(533837, 1097, 1)
(533886, 1097, 1)
(534063, 1097, 1)
(534092, 1097, 1)
(534119, 1097, 1)
(534617, 1098, 1)
(537653, 1105, 1)
(538180, 1106, 1)
(538284, 1106, 1)
(538311, 1106, 1)
(538452, 1106, 1)
(244462, 503, 1)
(244616, 503, 1)
(244953, 504, 1)
(245004, 504, 1)
(245145, 504, 1)
(245157, 504, 1)
(249526, 513, 1)
(249558, 513, 1)
(249565, 513, 1)
(249686, 513, 1)
(250007, 514, 1)
(250037, 514, 1)
(250083, 514, 1)
(250119, 514, 1)
(250127, 514, 1)
(274617, 565, 1)
(274959, 565, 1)
(275003, 565, 1)
(275239, 566, 1)
(275347, 566, 1)
(275471, 566, 1)
(275486, 566, 1)
(276739, 569, 1)
(276923, 569, 1)
(277003, 569, 1)
(277174, 570, 1)
(277275, 570, 1)
(277357, 570, 1)
(301940, 621, 1)
(302001, 621, 1)
(302114, 621, 1)
(302172, 621, 1)
(302716, 622, 1)
(302828, 622, 1)
(313657, 645, 1)
(313846, 645, 1)
(313873, 645, 1)
(313916, 645, 1)
(314347, 646, 1)
(314378, 646, 1)
(314450, 646, 1)
(413171, 849, 1)
(413179, 849, 1)
(413249, 849, 1)
(413500, 850, 1)
(417173, 857, 1)
(417311, 857, 1)
(417393, 857, 1)
(433916, 892, 1)
(434053, 892, 1)
(434055, 892, 1)
(434164, 892, 1)
(434195, 892, 1)
(436313, 897, 1)
(436324, 897, 1)
(436453, 897, 1)
(436681, 897, 1)
(436992, 898, 1)
(437124, 898, 1)
(437146, 898, 1)
(468968, 964, 1)
(469109, 964, 1)
(469303, 964, 1)
(469379, 964, 1)
(476439, 979, 1)
(476513, 979, 1)
(476581, 979, 1)
(476927, 980, 1)
(476945, 980, 1)
(476957, 980, 1)
(477194, 980, 1)
(473276, 972, 1)
(486975, 1001, 1)
(487262, 1001, 1)
(487316, 1001, 1)
(485007, 997, 1)
(485021, 997, 1)
(485418, 998, 1)
(485497, 998, 1)
(485549, 998, 1)
(485569, 998, 1)
(486187, 999, 1)
(486609, 1000, 1)
(486857, 1000, 1)
(486880, 1000, 1)
(490881, 1009, 1)
(491271, 1009, 1)
(491282, 1009, 1)
(491308, 1010, 1)
(491387, 1010, 1)
(491466, 1010, 1)
(491496, 1010, 1)
(494778, 1017, 1)
(494814, 1017, 1)
(494823, 1017, 1)
(494853, 1017, 1)
(495015, 1017, 1)
(495025, 1017, 1)
(495075, 1017, 1)
(496983, 1021, 1)
(497062, 1021, 1)
(497319, 1022, 1)
(497390, 1022, 1)
(497496, 1022, 1)
(499811, 1027, 1)
(500044, 1027, 1)
(545036, 1120, 1)
(545332, 1121, 1)
(545474, 1121, 1)
(545533, 1121, 1)
(545606, 1121, 1)
(545617, 1121, 1)
(545789, 1122, 1)
(546204, 1122, 1)
(596143, 1225, 1)
(596272, 1225, 1)
(596357, 1225, 1)
(596531, 1225, 1)
(596561, 1226, 1)
(596602, 1226, 1)
(596730, 1226, 1)
(596862, 1226, 1)
(302889, 623, 1)
(302956, 623, 1)
(303023, 623, 1)
(303113, 623, 1)
(303176, 623, 1)
(303251, 623, 1)
(303519, 624, 1)
(303557, 624, 1)
(303637, 624, 1)
(306864, 631, 1)
(306938, 631, 1)
(307496, 632, 1)
(307660, 632, 1)
(314827, 647, 1)
(315039, 647, 1)
(315046, 647, 1)
(315317, 648, 1)
(315372, 648, 1)
(318649, 655, 1)
(318716, 655, 1)
(318706, 655, 1)
(319104, 656, 1)
(319219, 656, 1)
(319366, 656, 1)
(319380, 656, 1)
(316822, 651, 1)
(316831, 651, 1)
(316887, 651, 1)
(316944, 651, 1)
(316986, 651, 1)
(319532, 657, 1)
(319700, 657, 1)
(319806, 657, 1)
(393389, 809, 1)
(393473, 809, 1)
(393787, 809, 1)
(393789, 809, 1)
(394016, 810, 1)
(394006, 810, 1)
(394299, 810, 1)
(394332, 810, 1)
(398364, 819, 1)
(398453, 819, 1)
(398465, 819, 1)
(398520, 819, 1)
(398583, 819, 1)
(463590, 953, 1)
(463656, 953, 1)
(463679, 953, 1)
(464111, 954, 1)
(464283, 954, 1)
(464359, 954, 1)
(467484, 961, 1)
(467812, 961, 1)
(467931, 961, 1)
(467998, 962, 1)
(468291, 962, 1)
(468400, 962, 1)
(514222, 1057, 1)
(514340, 1057, 1)
(514335, 1057, 1)
(514374, 1057, 1)
(514596, 1057, 1)
(514632, 1058, 1)
(514780, 1058, 1)
(514779, 1058, 1)
(514835, 1058, 1)
(524010, 1077, 1)
(524034, 1077, 1)
(524124, 1077, 1)
(524233, 1077, 1)
(524234, 1077, 1)
(524717, 1078, 1)
(524856, 1078, 1)
(558657, 1148, 1)
(558785, 1148, 1)
(558807, 1148, 1)
(558966, 1148, 1)
(560209, 1151, 1)
(560285, 1151, 1)
(560343, 1151, 1)
(560338, 1151, 1)
(560608, 1152, 1)
(560602, 1152, 1)
(560649, 1152, 1)
(560779, 1152, 1)
(560863, 1152, 1)
(563491, 1158, 1)
(573660, 1179, 1)
(574153, 1180, 1)
(574190, 1180, 1)
(574218, 1180, 1)
(574302, 1180, 1)
(574425, 1180, 1)
(1013, 3, 1)
(1215, 3, 1)
(1473, 4, 1)
(1843, 4, 1)
(2326, 5, 1)
(2374, 5, 1)
(2512, 6, 1)
(2884, 6, 1)
(27493, 57, 1)
(27536, 57, 1)
(27812, 57, 1)
(27885, 57, 1)
(27927, 57, 1)
(238945, 491, 1)
(239348, 492, 1)
(250769, 515, 1)
(250772, 515, 1)
(267465, 550, 1)
(283459, 583, 1)
(283624, 583, 1)
(283603, 583, 1)
(283731, 583, 1)
(283770, 583, 1)
(283798, 583, 1)
(283812, 583, 1)
(284066, 584, 1)
(284151, 584, 1)
(284375, 584, 1)
(312381, 642, 1)
(312451, 642, 1)
(335484, 690, 1)
(335485, 690, 1)
(335689, 690, 1)
(335829, 690, 1)
(335845, 690, 1)
(312667, 643, 1)
(312686, 643, 1)
(312847, 643, 1)
(312848, 643, 1)
(312957, 643, 1)
(313005, 643, 1)
(313196, 644, 1)
(313362, 644, 1)
(313537, 644, 1)
(327445, 673, 1)
(327479, 673, 1)
(327643, 673, 1)
(327674, 673, 1)
(327899, 674, 1)
(327922, 674, 1)
(328056, 674, 1)
(328216, 674, 1)
(348845, 717, 1)
(349166, 717, 1)
(349183, 717, 1)
(349304, 718, 1)
(349312, 718, 1)
(349387, 718, 1)
(349532, 718, 1)
(349664, 718, 1)
(363510, 747, 1)
(363608, 747, 1)
(363837, 748, 1)
(364013, 748, 1)
(364020, 748, 1)
(405802, 834, 1)
(406085, 834, 1)
(406286, 835, 1)
(406387, 835, 1)
(406415, 835, 1)
(406429, 835, 1)
(406463, 835, 1)
(406681, 836, 1)
(406821, 836, 1)
(407050, 836, 1)
(452808, 931, 1)
(453094, 931, 1)
(453636, 932, 1)
(474427, 975, 1)
(474729, 975, 1)
(475005, 976, 1)
(475018, 976, 1)
(475042, 976, 1)
(475051, 976, 1)
(475109, 976, 1)
(475156, 976, 1)
(475174, 976, 1)
(475205, 976, 1)
(469584, 965, 1)
(469611, 965, 1)
(469808, 965, 1)
(470086, 966, 1)
(470107, 966, 1)
(470460, 967, 1)
(470890, 967, 1)
(471033, 968, 1)
(471094, 968, 1)
(471131, 968, 1)
(471323, 968, 1)
(471397, 969, 1)
(471422, 969, 1)
(471646, 969, 1)
(471902, 970, 1)
(471954, 970, 1)
(472104, 970, 1)
(472119, 970, 1)
(472194, 970, 1)
(472226, 970, 1)
(483650, 994, 1)
(483832, 994, 1)
(489884, 1007, 1)
(489915, 1007, 1)
(490015, 1007, 1)
(490221, 1007, 1)
(490355, 1008, 1)
(490543, 1008, 1)
(490694, 1008, 1)
(506977, 1042, 1)
(507092, 1042, 1)
(507110, 1042, 1)
(507865, 1043, 1)
(507930, 1043, 1)
(508068, 1044, 1)
(508356, 1044, 1)
(508423, 1044, 1)
(513281, 1055, 1)
(513301, 1055, 1)
(513344, 1055, 1)
(513649, 1056, 1)
(513952, 1056, 1)
(521041, 1071, 1)
(521047, 1071, 1)
(521372, 1071, 1)
(521895, 1072, 1)
(517231, 1063, 1)
(517318, 1063, 1)
(517390, 1063, 1)
(517482, 1063, 1)
(517619, 1064, 1)
(517703, 1064, 1)
(517990, 1064, 1)
(525053, 1079, 1)
(525260, 1079, 1)
(525781, 1080, 1)
(7178, 15, 1)
(7180, 15, 1)
(7227, 15, 1)
(7352, 16, 1)
(7563, 16, 1)
(7690, 16, 1)
(7801, 16, 1)
(7825, 16, 1)
(9006, 19, 1)
(9242, 19, 1)
(9403, 20, 1)
(9583, 20, 1)
(159832, 329, 1)
(160076, 329, 1)
(160151, 329, 1)
(160254, 330, 1)
(160331, 330, 1)
(160431, 330, 1)
(160795, 331, 1)
(160876, 331, 1)
(160917, 331, 1)
(160927, 331, 1)
(160945, 331, 1)
(161066, 331, 1)
(161114, 331, 1)
(208665, 429, 1)
(209018, 429, 1)
(209346, 430, 1)
(209373, 430, 1)
(245434, 505, 1)
(245515, 505, 1)
(245513, 505, 1)
(245517, 505, 1)
(245768, 505, 1)
(245794, 505, 1)
(245801, 505, 1)
(245860, 505, 1)
(213289, 439, 1)
(213392, 439, 1)
(213405, 439, 1)
(213609, 439, 1)
(213619, 439, 1)
(213795, 440, 1)
(214096, 440, 1)
(216250, 445, 1)
(216526, 445, 1)
(216592, 445, 1)
(216629, 445, 1)
(216670, 445, 1)
(216809, 446, 1)
(216852, 446, 1)
(216982, 446, 1)
(217057, 446, 1)
(217115, 446, 1)
(263175, 541, 1)
(263281, 541, 1)
(263296, 541, 1)
(263401, 541, 1)
(263532, 542, 1)
(263631, 542, 1)
(263697, 542, 1)
(271739, 559, 1)
(272010, 559, 1)
(272054, 559, 1)
(272297, 560, 1)
(272333, 560, 1)
(272345, 560, 1)
(272356, 560, 1)
(290385, 597, 1)
(290457, 597, 1)
(290554, 597, 1)
(290551, 597, 1)
(290638, 597, 1)
(290818, 598, 1)
(291029, 598, 1)
(291169, 598, 1)
(291173, 598, 1)
(296216, 609, 1)
(296544, 609, 1)
(296552, 609, 1)
(296616, 609, 1)
(296610, 609, 1)
(296859, 610, 1)
(297090, 610, 1)
(321578, 661, 1)
(321610, 661, 1)
(321838, 661, 1)
(322121, 662, 1)
(322386, 662, 1)
(323471, 665, 1)
(323565, 665, 1)
(324031, 666, 1)
(379034, 779, 1)
(379181, 779, 1)
(379349, 779, 1)
(379510, 780, 1)
(379582, 780, 1)
(379635, 780, 1)
(379812, 780, 1)
(379817, 780, 1)
(383804, 789, 1)
(383890, 789, 1)
(383898, 789, 1)
(383906, 789, 1)
(384009, 789, 1)
(384152, 789, 1)
(384209, 789, 1)
(384412, 790, 1)
(384671, 790, 1)
(384721, 790, 1)
(391625, 805, 1)
(391740, 805, 1)
(391800, 805, 1)
(392048, 805, 1)
(392284, 806, 1)
(392296, 806, 1)
(392381, 806, 1)
(532480, 1094, 1)
(532916, 1095, 1)
(532931, 1095, 1)
(533068, 1095, 1)
(533165, 1095, 1)
(533196, 1095, 1)
(533224, 1095, 1)
(533268, 1096, 1)
(533359, 1096, 1)
(533469, 1096, 1)
(533475, 1096, 1)
(533574, 1096, 1)
(533583, 1096, 1)
(533720, 1096, 1)
(567092, 1165, 1)
(567143, 1165, 1)
(567294, 1165, 1)
(567339, 1165, 1)
(567432, 1166, 1)
(567657, 1166, 1)
(567702, 1166, 1)
(603004, 1239, 1)
(603049, 1239, 1)
(603265, 1239, 1)
(603468, 1240, 1)
(603535, 1240, 1)
(603604, 1240, 1)
(8059, 17, 1)
(8577, 18, 1)
(8711, 18, 1)
(14816, 31, 1)
(14809, 31, 1)
(15011, 31, 1)
(15091, 31, 1)
(15140, 31, 1)
(15294, 32, 1)
(15342, 32, 1)
(270101, 555, 1)
(270531, 556, 1)
(270729, 556, 1)
(270731, 556, 1)
(270776, 556, 1)
(273793, 563, 1)
(273913, 563, 1)
(273927, 563, 1)
(273982, 563, 1)
(274188, 564, 1)
(274389, 564, 1)
(361489, 743, 1)
(361584, 743, 1)
(370069, 761, 1)
(370283, 761, 1)
(370332, 761, 1)
(370456, 761, 1)
(370508, 761, 1)
(370524, 761, 1)
(370606, 762, 1)
(370884, 762, 1)
(370894, 762, 1)
(371009, 762, 1)
(372378, 765, 1)
(372736, 766, 1)
(372940, 766, 1)
(423628, 871, 1)
(423653, 871, 1)
(423766, 871, 1)
(424048, 871, 1)
(424188, 872, 1)
(424197, 872, 1)
(424219, 872, 1)
(424500, 872, 1)
(385892, 793, 1)
(386037, 793, 1)
(386138, 793, 1)
(386136, 793, 1)
(386367, 794, 1)
(389046, 799, 1)
(389054, 799, 1)
(410173, 843, 1)
(410201, 843, 1)
(410504, 843, 1)
(410607, 844, 1)
(410701, 844, 1)
(410831, 844, 1)
(414071, 851, 1)
(414190, 851, 1)
(414230, 851, 1)
(414441, 851, 1)
(414458, 852, 1)
(414502, 852, 1)
(414626, 852, 1)
(414804, 852, 1)
(415246, 853, 1)
(415435, 853, 1)
(415509, 854, 1)
(415561, 854, 1)
(415721, 854, 1)
(416011, 855, 1)
(416185, 855, 1)
(416524, 856, 1)
(416730, 856, 1)
(416748, 856, 1)
(416862, 856, 1)
(437307, 899, 1)
(437325, 899, 1)
(437422, 899, 1)
(437525, 899, 1)
(437608, 899, 1)
(437947, 900, 1)
(437956, 900, 1)
(438156, 900, 1)
(438171, 900, 1)
(438338, 901, 1)
(438521, 901, 1)
(438718, 901, 1)
(441412, 907, 1)
(441419, 907, 1)
(441839, 908, 1)
(442039, 908, 1)
(450109, 925, 1)
(450248, 925, 1)
(450256, 925, 1)
(450327, 925, 1)
(449254, 923, 1)
(449438, 923, 1)
(449802, 924, 1)
(449824, 924, 1)
(449876, 924, 1)
(449903, 924, 1)
(450029, 924, 1)
(453824, 933, 1)
(454006, 933, 1)
(454083, 933, 1)
(454087, 933, 1)
(454152, 933, 1)
(454467, 934, 1)
(454529, 934, 1)
(454538, 934, 1)
(454614, 934, 1)
(454728, 934, 1)
(466522, 959, 1)
(466944, 959, 1)
(466992, 960, 1)
(467065, 960, 1)
(467204, 960, 1)
(468593, 963, 1)
(468674, 963, 1)
(468726, 963, 1)
(468764, 963, 1)
(475426, 977, 1)
(475517, 977, 1)
(476208, 978, 1)
(478390, 983, 1)
(478438, 983, 1)
(478575, 983, 1)
(478646, 983, 1)
(478671, 983, 1)
(478703, 983, 1)
(479188, 984, 1)
(491877, 1011, 1)
(491949, 1011, 1)
(492079, 1011, 1)
(492758, 1012, 1)
(495702, 1019, 1)
(495701, 1019, 1)
(495756, 1019, 1)
(495871, 1019, 1)
(496007, 1019, 1)
(496106, 1019, 1)
(537366, 1104, 1)
(537426, 1104, 1)
(537485, 1104, 1)
(538648, 1107, 1)
(538872, 1107, 1)
(538956, 1107, 1)
(539116, 1108, 1)
(539305, 1108, 1)
(539428, 1108, 1)
(539489, 1108, 1)
(24506, 51, 1)
(24958, 51, 1)
(25011, 52, 1)
(25156, 52, 1)
(25231, 52, 1)
(25381, 52, 1)
(25737, 53, 1)
(25976, 54, 1)
(61402, 127, 1)
(61585, 127, 1)
(61742, 127, 1)
(61730, 127, 1)
(61769, 127, 1)
(61966, 128, 1)
(62046, 128, 1)
(62061, 128, 1)
(62385, 129, 1)
(62581, 129, 1)
(63777, 131, 1)
(63798, 131, 1)
(64052, 132, 1)
(64105, 132, 1)
(64126, 132, 1)
(64209, 132, 1)
(64242, 132, 1)
(75080, 155, 1)
(66627, 137, 1)
(66709, 137, 1)
(66836, 138, 1)
(66890, 138, 1)
(66883, 138, 1)
(67004, 138, 1)
(67053, 138, 1)
(70376, 145, 1)
(70397, 145, 1)
(70649, 145, 1)
(70828, 146, 1)
(70854, 146, 1)
(75584, 156, 1)
(75895, 156, 1)
(75970, 156, 1)
(76026, 156, 1)
(76045, 156, 1)
(76084, 157, 1)
(76086, 157, 1)
(76292, 157, 1)
(76752, 158, 1)
(76808, 158, 1)
(76973, 158, 1)
(84013, 173, 1)
(84152, 173, 1)
(84441, 174, 1)
(84463, 174, 1)
(87003, 179, 1)
(87056, 179, 1)
(87109, 179, 1)
(87292, 179, 1)
(87426, 180, 1)
(87671, 180, 1)
(87756, 180, 1)
(85207, 175, 1)
(85250, 175, 1)
(128704, 265, 1)
(128754, 265, 1)
(90177, 185, 1)
(90418, 186, 1)
(90490, 186, 1)
(90502, 186, 1)
(90506, 186, 1)
(99430, 205, 1)
(99437, 205, 1)
(99688, 205, 1)
(99808, 205, 1)
(99826, 205, 1)
(99931, 206, 1)
(99968, 206, 1)
(95926, 197, 1)
(95986, 198, 1)
(95999, 198, 1)
(96180, 198, 1)
(96500, 199, 1)
(96621, 199, 1)
(96798, 199, 1)
(96848, 199, 1)
(96886, 199, 1)
(102360, 211, 1)
(102535, 211, 1)
(102822, 212, 1)
(120139, 247, 1)
(120531, 248, 1)
(106769, 220, 1)
(106927, 220, 1)
(107088, 220, 1)
(107208, 220, 1)
(107405, 221, 1)
(107769, 222, 1)
(108015, 222, 1)
(108092, 222, 1)
(109665, 225, 1)
(109810, 226, 1)
(110054, 226, 1)
(112149, 231, 1)
(112234, 231, 1)
(112291, 231, 1)
(112377, 231, 1)
(129175, 266, 1)
(132945, 273, 1)
(133158, 274, 1)
(133303, 274, 1)
(133413, 274, 1)
(134535, 277, 1)
(134702, 277, 1)
(135210, 278, 1)
(136537, 281, 1)
(136807, 281, 1)
(136854, 281, 1)
(136963, 282, 1)
(136962, 282, 1)
(137144, 282, 1)
(137206, 282, 1)
(137596, 283, 1)
(137621, 283, 1)
(137673, 283, 1)
(138031, 284, 1)
(138240, 284, 1)
(138315, 284, 1)
(85877, 177, 1)
(85906, 177, 1)
(86042, 177, 1)
(86198, 177, 1)
(86824, 178, 1)
(86818, 178, 1)
(91543, 189, 1)
(92312, 190, 1)
(92317, 190, 1)
(92405, 190, 1)
(92487, 190, 1)
(344024, 707, 1)
(344411, 708, 1)
(344432, 708, 1)
(344658, 708, 1)
(515230, 1059, 1)
(515414, 1059, 1)
(515689, 1060, 1)
(515905, 1060, 1)
(516002, 1060, 1)
(516044, 1060, 1)
(349977, 719, 1)
(350126, 719, 1)
(350090, 719, 1)
(350469, 720, 1)
(350470, 720, 1)
(350539, 720, 1)
(350573, 720, 1)
(350880, 721, 1)
(350960, 721, 1)
(351092, 721, 1)
(351245, 722, 1)
(351277, 722, 1)
(351374, 722, 1)
(351398, 722, 1)
(373981, 769, 1)
(374304, 769, 1)
(374399, 769, 1)
(374496, 770, 1)
(374671, 770, 1)
(374747, 770, 1)
(376963, 775, 1)
(377417, 776, 1)
(377452, 776, 1)
(377587, 776, 1)
(377615, 776, 1)
(377677, 776, 1)
(377662, 776, 1)
(377860, 776, 1)
(394452, 811, 1)
(394571, 811, 1)
(394640, 811, 1)
(394645, 811, 1)
(394788, 811, 1)
(394957, 812, 1)
(395006, 812, 1)
(395064, 812, 1)
(395127, 812, 1)
(408185, 839, 1)
(397325, 817, 1)
(397380, 817, 1)
(397480, 817, 1)
(397521, 817, 1)
(397659, 817, 1)
(397684, 817, 1)
(398003, 818, 1)
(398026, 818, 1)
(398165, 818, 1)
(398168, 818, 1)
(398191, 818, 1)
(399374, 821, 1)
(399386, 821, 1)
(399451, 821, 1)
(399621, 821, 1)
(401360, 825, 1)
(401371, 825, 1)
(401601, 825, 1)
(401829, 826, 1)
(402018, 826, 1)
(402034, 826, 1)
(402140, 826, 1)
(404200, 831, 1)
(404455, 831, 1)
(404517, 831, 1)
(404805, 832, 1)
(405139, 832, 1)
(432443, 889, 1)
(432429, 889, 1)
(432810, 889, 1)
(432944, 890, 1)
(433043, 890, 1)
(432986, 890, 1)
(433092, 890, 1)
(434580, 893, 1)
(434756, 893, 1)
(434795, 893, 1)
(435208, 894, 1)
(435280, 894, 1)
(435506, 895, 1)
(435606, 895, 1)
(435669, 895, 1)
(435815, 895, 1)
(436022, 896, 1)
(436046, 896, 1)
(445160, 915, 1)
(445333, 915, 1)
(445535, 915, 1)
(445615, 915, 1)
(445683, 916, 1)
(445771, 916, 1)
(553424, 1137, 1)
(553525, 1137, 1)
(553943, 1138, 1)
(555285, 1141, 1)
(555426, 1141, 1)
(555483, 1141, 1)
(555684, 1142, 1)
(555885, 1142, 1)
(572861, 1177, 1)
(573121, 1177, 1)
(573208, 1177, 1)
(584355, 1201, 1)
(584412, 1201, 1)
(584407, 1201, 1)
(584744, 1201, 1)
(584770, 1201, 1)
(584803, 1202, 1)
(584808, 1202, 1)
(584900, 1202, 1)
(584947, 1202, 1)
(585047, 1202, 1)
(585081, 1202, 1)
(585237, 1202, 1)
(593008, 1218, 1)
(597045, 1227, 1)
(597520, 1227, 1)
(597549, 1228, 1)
(597676, 1228, 1)
(597784, 1228, 1)
(285945, 588, 1)
(285959, 588, 1)
(286011, 588, 1)
(286193, 588, 1)
(295314, 607, 1)
(295378, 607, 1)
(295403, 607, 1)
(295469, 607, 1)
(295509, 607, 1)
(295506, 607, 1)
(295877, 608, 1)
(296001, 608, 1)
(353694, 727, 1)
(353955, 727, 1)
(354178, 728, 1)
(354318, 728, 1)
(354365, 728, 1)
(365489, 751, 1)
(365751, 752, 1)
(356873, 733, 1)
(357461, 734, 1)
(357468, 734, 1)
(367133, 755, 1)
(367142, 755, 1)
(367221, 755, 1)
(367593, 755, 1)
(367655, 756, 1)
(367746, 756, 1)
(367760, 756, 1)
(367817, 756, 1)
(367868, 756, 1)
(367885, 756, 1)
(368045, 756, 1)
(400060, 822, 1)
(400106, 822, 1)
(400172, 822, 1)
(402493, 827, 1)
(402848, 828, 1)
(402835, 828, 1)
(403051, 828, 1)
(403063, 828, 1)
(403140, 828, 1)
(427909, 879, 1)
(428179, 880, 1)
(428182, 880, 1)
(428289, 880, 1)
(428377, 880, 1)
(428796, 881, 1)
(428904, 881, 1)
(429035, 882, 1)
(429100, 882, 1)
(429197, 882, 1)
(429297, 882, 1)
(429303, 882, 1)
(430576, 885, 1)
(430700, 885, 1)
(430728, 885, 1)
(430877, 885, 1)
(430889, 885, 1)
(431081, 886, 1)
(431281, 886, 1)
(431325, 886, 1)
(493077, 1013, 1)
(493264, 1014, 1)
(493259, 1014, 1)
(493378, 1014, 1)
(493462, 1014, 1)
(493490, 1014, 1)
(493711, 1014, 1)
(493732, 1014, 1)
(500670, 1029, 1)
(500760, 1029, 1)
(520078, 1069, 1)
(520398, 1069, 1)
(520670, 1070, 1)
(520807, 1070, 1)
(520845, 1070, 1)
(520934, 1070, 1)
(540047, 1109, 1)
(551175, 1133, 1)
(551758, 1134, 1)
(552148, 1134, 1)
(557065, 1145, 1)
(557178, 1145, 1)
(557327, 1145, 1)
(557520, 1145, 1)
(557983, 1146, 1)
(558211, 1147, 1)
(558429, 1147, 1)
(562460, 1156, 1)
(562909, 1156, 1)
(565922, 1163, 1)
(565936, 1163, 1)
(566194, 1163, 1)
(566211, 1163, 1)
(566330, 1163, 1)
(566665, 1164, 1)
(566696, 1164, 1)
(578045, 1188, 1)
(578376, 1188, 1)
(579504, 1191, 1)
(579702, 1191, 1)
(579960, 1192, 1)
(579970, 1192, 1)
(580251, 1192, 1)
(582385, 1197, 1)
(582423, 1197, 1)
(582446, 1197, 1)
(582460, 1197, 1)
(582503, 1197, 1)
(582598, 1197, 1)
(582693, 1197, 1)
(582837, 1198, 1)
(592590, 1217, 1)
(601945, 1237, 1)
(602019, 1237, 1)
(602186, 1237, 1)
(602543, 1238, 1)
(3137, 7, 1)
(3258, 7, 1)
(3821, 8, 1)
(5887, 13, 1)
(6074, 13, 1)
(6088, 13, 1)
(6192, 13, 1)
(6314, 13, 1)
(6369, 13, 1)
(6480, 14, 1)
(6508, 14, 1)
(6851, 14, 1)
(13943, 29, 1)
(13974, 29, 1)
(14054, 29, 1)
(14178, 29, 1)
(16721, 35, 1)
(17007, 35, 1)
(17010, 35, 1)
(17079, 35, 1)
(17096, 35, 1)
(17210, 36, 1)
(17323, 36, 1)
(17318, 36, 1)
(17531, 36, 1)
(17548, 36, 1)
(19693, 41, 1)
(19884, 41, 1)
(19899, 41, 1)
(19972, 41, 1)
(20077, 41, 1)
(17821, 37, 1)
(17850, 37, 1)
(17888, 37, 1)
(18435, 38, 1)
(18592, 38, 1)
(22613, 47, 1)
(22679, 47, 1)
(22930, 47, 1)
(22942, 47, 1)
(23287, 48, 1)
(23348, 48, 1)
(18633, 39, 1)
(18908, 39, 1)
(19043, 39, 1)
(19054, 39, 1)
(19261, 40, 1)
(19311, 40, 1)
(20259, 42, 1)
(20374, 42, 1)
(20459, 42, 1)
(26608, 55, 1)
(26856, 55, 1)
(26978, 56, 1)
(27313, 56, 1)
(23555, 49, 1)
(24149, 50, 1)
(24208, 50, 1)
(24249, 50, 1)
(29552, 61, 1)
(29790, 61, 1)
(30078, 62, 1)
(30115, 62, 1)
(67454, 139, 1)
(67482, 139, 1)
(67742, 140, 1)
(67850, 140, 1)
(67857, 140, 1)
(67961, 140, 1)
(68019, 140, 1)
(68088, 140, 1)
(68391, 141, 1)
(68472, 141, 1)
(68497, 141, 1)
(68523, 141, 1)
(68550, 141, 1)
(68650, 141, 1)
(68761, 142, 1)
(68784, 142, 1)
(69002, 142, 1)
(80078, 165, 1)
(80203, 165, 1)
(80234, 165, 1)
(80253, 165, 1)
(80550, 166, 1)
(80589, 166, 1)
(80663, 166, 1)
(80743, 166, 1)
(80850, 166, 1)
(80867, 166, 1)
(87845, 181, 1)
(87973, 181, 1)
(87971, 181, 1)
(88180, 181, 1)
(88217, 181, 1)
(103519, 213, 1)
(103588, 213, 1)
(103771, 213, 1)
(104132, 214, 1)
(104140, 214, 1)
(104183, 214, 1)
(108590, 223, 1)
(108604, 223, 1)
(108921, 224, 1)
(140965, 290, 1)
(141104, 290, 1)
(141208, 290, 1)
(141424, 291, 1)
(141500, 291, 1)
(141607, 291, 1)
(141719, 291, 1)
(141744, 291, 1)
(141814, 292, 1)
(141835, 292, 1)
(141882, 292, 1)
(142000, 292, 1)
(142547, 293, 1)
(142596, 293, 1)
(142704, 293, 1)
(142763, 293, 1)
(142857, 294, 1)
(612691, 1259, 1)
(48418, 100, 1)
(48445, 100, 1)
(48545, 100, 1)
(48771, 100, 1)
(156851, 323, 1)
(156893, 323, 1)
(156984, 323, 1)
(157238, 323, 1)
(157423, 324, 1)
(157502, 324, 1)
(157561, 324, 1)
(157691, 324, 1)
(185551, 382, 1)
(185741, 382, 1)
(185839, 382, 1)
(185876, 382, 1)
(185941, 382, 1)
(185933, 382, 1)
(185942, 382, 1)
(185976, 382, 1)
(206654, 425, 1)
(207120, 426, 1)
(207194, 426, 1)
(207302, 426, 1)
(207415, 426, 1)
(207438, 426, 1)
(346324, 712, 1)
(346420, 712, 1)
(482374, 991, 1)
(482442, 991, 1)
(482803, 992, 1)
(482846, 992, 1)
(482858, 992, 1)
(482852, 992, 1)
(482869, 992, 1)
(482918, 992, 1)
(379989, 781, 1)
(380058, 781, 1)
(380078, 781, 1)
(380089, 781, 1)
(380299, 781, 1)
(380423, 782, 1)
(380696, 782, 1)
(380691, 782, 1)
(380770, 782, 1)
(380776, 782, 1)
(380818, 782, 1)
(381888, 785, 1)
(381925, 785, 1)
(381922, 785, 1)
(382277, 785, 1)
(382365, 786, 1)
(382377, 786, 1)
(382511, 786, 1)
(382590, 786, 1)
(382667, 786, 1)
(382796, 786, 1)
(386795, 795, 1)
(387275, 796, 1)
(389312, 800, 1)
(390708, 803, 1)
(390859, 803, 1)
(390998, 803, 1)
(391134, 804, 1)
(391204, 804, 1)
(391217, 804, 1)
(391566, 804, 1)
(407310, 837, 1)
(407334, 837, 1)
(407404, 837, 1)
(407539, 837, 1)
(407612, 838, 1)
(407936, 838, 1)
(451283, 927, 1)
(451351, 927, 1)
(451374, 927, 1)
(451573, 928, 1)
(451602, 928, 1)
(451797, 928, 1)
(451830, 928, 1)
(454757, 935, 1)
(454935, 935, 1)
(455258, 936, 1)
(455393, 936, 1)
(455414, 936, 1)
(455480, 936, 1)
(526102, 1081, 1)
(526263, 1081, 1)
(526561, 1082, 1)
(526733, 1082, 1)
(526718, 1082, 1)
(529896, 1089, 1)
(530377, 1090, 1)
(530625, 1090, 1)
(550252, 1131, 1)
(550462, 1131, 1)
(550587, 1131, 1)
(550599, 1131, 1)
(550622, 1131, 1)
(550967, 1132, 1)
(551041, 1132, 1)
(551159, 1132, 1)
(559109, 1149, 1)
(559162, 1149, 1)
(559224, 1149, 1)
(559373, 1149, 1)
(559550, 1150, 1)
(559712, 1150, 1)
(559987, 1150, 1)
(562945, 1157, 1)
(563013, 1157, 1)
(563373, 1157, 1)
(563418, 1157, 1)
(568814, 1169, 1)
(568987, 1169, 1)
(569021, 1169, 1)
(569165, 1169, 1)
(569469, 1170, 1)
(569648, 1170, 1)
(569720, 1170, 1)
(569988, 1171, 1)
(570172, 1171, 1)
(570309, 1172, 1)
(570396, 1172, 1)
(570595, 1172, 1)
(570745, 1172, 1)
