(44, 1, 1)
(219, 2, 1)
(379, 2, 1)
(374, 2, 1)
(477, 3, 1)
(675, 4, 1)
(908, 5, 1)
(49060, 246, 1)
(49143, 246, 1)
(49164, 246, 1)
(49292, 247, 1)
(49601, 249, 1)
(3574, 18, 1)
(3657, 19, 1)
(3985, 20, 1)
(14330, 72, 1)
(14335, 72, 1)
(14404, 73, 1)
(14680, 74, 1)
(14747, 74, 1)
(6146, 31, 1)
(6176, 31, 1)
(6418, 33, 1)
(6506, 33, 1)
(6487, 33, 1)
(6540, 33, 1)
(6748, 34, 1)
(6803, 35, 1)
(6867, 35, 1)
(7421, 38, 1)
(7519, 38, 1)
(7531, 38, 1)
(7868, 40, 1)
(7959, 40, 1)
(7998, 40, 1)
(80150, 401, 1)
(80155, 401, 1)
(80268, 402, 1)
(80251, 402, 1)
(80471, 403, 1)
(80528, 403, 1)
(80581, 403, 1)
(80588, 403, 1)
(80694, 404, 1)
(80770, 404, 1)
(80879, 405, 1)
(80952, 405, 1)
(80974, 405, 1)
(182496, 914, 1)
(182498, 914, 1)
(182478, 914, 1)
(182611, 914, 1)
(182917, 916, 1)
(182944, 916, 1)
(16939, 85, 1)
(16959, 85, 1)
(34195, 171, 1)
(34288, 172, 1)
(34838, 175, 1)
(60046, 301, 1)
(60103, 301, 1)
(60159, 301, 1)
(60247, 302, 1)
(60345, 302, 1)
(60398, 302, 1)
(60465, 303, 1)
(48714, 244, 1)
(48864, 245, 1)
(48966, 245, 1)
(134984, 676, 1)
(134991, 676, 1)
(135059, 676, 1)
(135076, 676, 1)
(135313, 677, 1)
(135566, 679, 1)
(135590, 679, 1)
(135630, 679, 1)
(135720, 680, 1)
(147974, 741, 1)
(148030, 741, 1)
(148198, 742, 1)
(148239, 742, 1)
(148236, 742, 1)
(148283, 742, 1)
(60996, 305, 1)
(84007, 421, 1)
(84153, 421, 1)
(84165, 421, 1)
(84140, 421, 1)
(84242, 422, 1)
(84490, 423, 1)
(84611, 424, 1)
(84783, 424, 1)
(84887, 425, 1)
(89026, 446, 1)
(89124, 446, 1)
(89166, 446, 1)
(89400, 447, 1)
(94663, 474, 1)
(94742, 475, 1)
(94861, 475, 1)
(94885, 475, 1)
(109948, 551, 1)
(110022, 551, 1)
(110035, 551, 1)
(110041, 551, 1)
(110213, 552, 1)
(110483, 553, 1)
(110567, 554, 1)
(110704, 554, 1)
(110719, 555, 1)
(110740, 555, 1)
(110880, 555, 1)
(160976, 806, 1)
(161015, 806, 1)
(161037, 806, 1)
(232879, 1166, 1)
(232886, 1166, 1)
(232989, 1166, 1)
(233016, 1166, 1)
(233213, 1167, 1)
(233436, 1168, 1)
(240439, 1204, 1)
(240589, 1204, 1)
(240595, 1204, 1)
(240889, 1206, 1)
(241153, 1207, 1)
(241278, 1208, 1)
(241270, 1208, 1)
(241346, 1208, 1)
(1214, 7, 1)
(1277, 7, 1)
(1393, 7, 1)
(1464, 8, 1)
(1478, 8, 1)
(1749, 9, 1)
(138017, 691, 1)
(138084, 691, 1)
(138127, 692, 1)
(138252, 692, 1)
(138368, 693, 1)
(138370, 693, 1)
(138391, 693, 1)
(138399, 693, 1)
(5343, 27, 1)
(5582, 28, 1)
(5606, 29, 1)
(5618, 29, 1)
(5784, 29, 1)
(5989, 30, 1)
(58078, 291, 1)
(58071, 291, 1)
(58129, 291, 1)
(58180, 291, 1)
(58210, 292, 1)
(58214, 292, 1)
(58441, 293, 1)
(58458, 293, 1)
(58571, 293, 1)
(58765, 294, 1)
(49810, 250, 1)
(51104, 256, 1)
(51127, 256, 1)
(51199, 256, 1)
(51315, 257, 1)
(51505, 258, 1)
(51590, 258, 1)
(51600, 258, 1)
(51657, 259, 1)
(51684, 259, 1)
(51737, 259, 1)
(51947, 260, 1)
(51957, 260, 1)
(66263, 332, 1)
(66280, 332, 1)
(66386, 332, 1)
(66383, 332, 1)
(66418, 333, 1)
(66468, 333, 1)
(66495, 333, 1)
(89627, 449, 1)
(89638, 449, 1)
(89640, 449, 1)
(89696, 449, 1)
(89823, 450, 1)
(89918, 450, 1)
(101937, 511, 1)
(102165, 512, 1)
(102336, 513, 1)
(102615, 514, 1)
(102640, 514, 1)
(102778, 515, 1)
(104097, 521, 1)
(155352, 778, 1)
(155370, 778, 1)
(155420, 778, 1)
(155802, 780, 1)
(159185, 797, 1)
(159219, 797, 1)
(159459, 798, 1)
(159556, 799, 1)
(159755, 800, 1)
(159761, 800, 1)
(159884, 800, 1)
(171919, 861, 1)
(172017, 861, 1)
(172208, 862, 1)
(172197, 862, 1)
(172616, 864, 1)
(172777, 865, 1)
(172812, 865, 1)
(172851, 865, 1)
(196085, 982, 1)
(196244, 983, 1)
(202456, 1014, 1)
(202826, 1015, 1)
(202904, 1016, 1)
(202935, 1016, 1)
(202997, 1016, 1)
(203119, 1017, 1)
(204616, 1024, 1)
(204654, 1025, 1)
(228913, 1146, 1)
(228938, 1146, 1)
(229150, 1147, 1)
(229153, 1147, 1)
(229224, 1147, 1)
(229275, 1148, 1)
(249468, 1249, 1)
(249579, 1249, 1)
(249768, 1250, 1)
(249803, 1250, 1)
(235971, 1181, 1)
(236062, 1182, 1)
(236116, 1182, 1)
(236179, 1182, 1)
(236293, 1183, 1)
(236424, 1183, 1)
(237510, 1189, 1)
(237699, 1190, 1)
(237709, 1190, 1)
(237786, 1190, 1)
(237946, 1191, 1)
(237947, 1191, 1)
(238002, 1191, 1)
(238101, 1192, 1)
(238128, 1192, 1)
(238233, 1192, 1)
(238354, 1193, 1)
(243610, 1219, 1)
(243891, 1221, 1)
(243905, 1221, 1)
(244042, 1222, 1)
(244281, 1223, 1)
(244317, 1223, 1)
(244337, 1223, 1)
(2219, 12, 1)
(2333, 12, 1)
(2488, 13, 1)
(2826, 15, 1)
(2936, 15, 1)
(2983, 15, 1)
(2985, 15, 1)
(16057, 81, 1)
(16573, 83, 1)
(8207, 42, 1)
(8538, 43, 1)
(8556, 43, 1)
(8783, 44, 1)
(8810, 45, 1)
(8963, 45, 1)
(18109, 91, 1)
(18262, 92, 1)
(14910, 75, 1)
(38064, 191, 1)
(38086, 191, 1)
(38215, 192, 1)
(38222, 192, 1)
(38253, 192, 1)
(38325, 192, 1)
(38393, 192, 1)
(38521, 193, 1)
(38776, 194, 1)
(38828, 195, 1)
(92002, 461, 1)
(92194, 462, 1)
(92339, 463, 1)
(92487, 463, 1)
(21984, 110, 1)
(25313, 127, 1)
(25378, 127, 1)
(25424, 128, 1)
(25425, 128, 1)
(25452, 128, 1)
(25544, 128, 1)
(25543, 128, 1)
(25598, 128, 1)
(25693, 129, 1)
(25803, 130, 1)
(48076, 241, 1)
(48200, 241, 1)
(48209, 242, 1)
(48204, 242, 1)
(48376, 242, 1)
(48382, 242, 1)
(48428, 243, 1)
(48427, 243, 1)
(79671, 399, 1)
(79924, 400, 1)
(79970, 400, 1)
(129018, 646, 1)
(129124, 647, 1)
(129132, 647, 1)
(129318, 647, 1)
(129611, 649, 1)
(190452, 954, 1)
(190494, 954, 1)
(190540, 954, 1)
(190789, 955, 1)
(117345, 588, 1)
(117431, 588, 1)
(117456, 588, 1)
(117713, 589, 1)
(117801, 590, 1)
(117800, 590, 1)
(117864, 590, 1)
(119190, 597, 1)
(119204, 597, 1)
(119198, 597, 1)
(119387, 598, 1)
(119528, 599, 1)
(119606, 599, 1)
(119915, 600, 1)
(153009, 766, 1)
(143154, 717, 1)
(143263, 717, 1)
(143313, 717, 1)
(143394, 718, 1)
(143564, 719, 1)
(143608, 719, 1)
(143611, 719, 1)
(143822, 720, 1)
(143883, 720, 1)
(143910, 720, 1)
(166210, 832, 1)
(166328, 833, 1)
(166458, 833, 1)
(166746, 835, 1)
(186016, 931, 1)
(186059, 932, 1)
(186237, 933, 1)
(186425, 933, 1)
(194454, 974, 1)
(194648, 975, 1)
(194825, 975, 1)
(195003, 976, 1)
(195054, 977, 1)
(195121, 977, 1)
(195229, 977, 1)
(195249, 978, 1)
(195271, 978, 1)
(195344, 978, 1)
(195336, 978, 1)
(201449, 1009, 1)
(201494, 1009, 1)
(201575, 1009, 1)
(218450, 1094, 1)
(218559, 1094, 1)
(218735, 1095, 1)
(218828, 1095, 1)
(218917, 1096, 1)
(218943, 1096, 1)
(219028, 1096, 1)
(219077, 1097, 1)
(219270, 1098, 1)
(219310, 1098, 1)
(246560, 1234, 1)
(246840, 1236, 1)
(246928, 1236, 1)
(246941, 1236, 1)
(246938, 1236, 1)
(246966, 1236, 1)
(247179, 1237, 1)
(247313, 1238, 1)
(247407, 1238, 1)
(247410, 1238, 1)
(9150, 46, 1)
(9203, 47, 1)
(9326, 47, 1)
(9325, 47, 1)
(9515, 48, 1)
(9588, 48, 1)
(9802, 50, 1)
(9863, 50, 1)
(9905, 50, 1)
(9992, 50, 1)
(85223, 427, 1)
(85268, 427, 1)
(85396, 427, 1)
(85650, 429, 1)
(85716, 429, 1)
(10028, 51, 1)
(10157, 51, 1)
(10122, 51, 1)
(10603, 54, 1)
(10626, 54, 1)
(10651, 54, 1)
(31040, 156, 1)
(31027, 156, 1)
(31109, 156, 1)
(31173, 156, 1)
(31333, 157, 1)
(31555, 158, 1)
(31569, 158, 1)
(31653, 159, 1)
(12148, 61, 1)
(12258, 62, 1)
(12387, 62, 1)
(12525, 63, 1)
(12624, 64, 1)
(12889, 65, 1)
(12895, 65, 1)
(12938, 65, 1)
(62005, 311, 1)
(62235, 312, 1)
(62240, 312, 1)
(62346, 312, 1)
(62366, 312, 1)
(62612, 314, 1)
(62732, 314, 1)
(62764, 314, 1)
(23903, 120, 1)
(191447, 959, 1)
(191821, 960, 1)
(191982, 961, 1)
(192126, 962, 1)
(192147, 962, 1)
(192169, 962, 1)
(192240, 963, 1)
(192265, 963, 1)
(230525, 1154, 1)
(230665, 1155, 1)
(230703, 1155, 1)
(230815, 1155, 1)
(230849, 1156, 1)
(230910, 1156, 1)
(35093, 176, 1)
(35204, 177, 1)
(35257, 177, 1)
(35366, 177, 1)
(35612, 179, 1)
(42157, 211, 1)
(42241, 212, 1)
(42300, 212, 1)
(42266, 212, 1)
(42460, 213, 1)
(42458, 213, 1)
(42514, 213, 1)
(42549, 213, 1)
(42699, 214, 1)
(42766, 214, 1)
(114349, 573, 1)
(117924, 591, 1)
(117990, 591, 1)
(118037, 591, 1)
(118305, 592, 1)
(118468, 593, 1)
(118533, 594, 1)
(118641, 594, 1)
(118658, 594, 1)
(118779, 595, 1)
(118796, 595, 1)
(125930, 631, 1)
(126000, 631, 1)
(125999, 631, 1)
(126111, 631, 1)
(175169, 877, 1)
(175331, 878, 1)
(175328, 878, 1)
(175576, 879, 1)
(175651, 879, 1)
(175789, 880, 1)
(175830, 880, 1)
(196588, 984, 1)
(196853, 986, 1)
(196880, 986, 1)
(197205, 987, 1)
(197345, 988, 1)
(197406, 988, 1)
(212467, 1064, 1)
(212592, 1064, 1)
(212822, 1065, 1)
(212918, 1066, 1)
(212913, 1066, 1)
(212957, 1066, 1)
(213162, 1067, 1)
(229548, 1149, 1)
(229607, 1149, 1)
(229643, 1150, 1)
(229774, 1150, 1)
(229821, 1150, 1)
(11080, 56, 1)
(11434, 58, 1)
(11466, 58, 1)
(11532, 58, 1)
(11600, 58, 1)
(11623, 59, 1)
(11758, 59, 1)
(29099, 146, 1)
(29224, 147, 1)
(29602, 149, 1)
(29729, 149, 1)
(29794, 149, 1)
(29798, 149, 1)
(15131, 76, 1)
(15286, 77, 1)
(15520, 78, 1)
(15626, 79, 1)
(15771, 79, 1)
(50399, 252, 1)
(50386, 252, 1)
(50619, 254, 1)
(17026, 86, 1)
(17058, 86, 1)
(17307, 87, 1)
(17426, 88, 1)
(17575, 88, 1)
(17800, 89, 1)
(17799, 89, 1)
(17870, 90, 1)
(17947, 90, 1)
(23194, 116, 1)
(23773, 119, 1)
(29856, 150, 1)
(29887, 150, 1)
(29951, 150, 1)
(90034, 451, 1)
(90069, 451, 1)
(90073, 451, 1)
(90254, 452, 1)
(90379, 452, 1)
(90501, 453, 1)
(90830, 455, 1)
(125235, 627, 1)
(125332, 628, 1)
(125451, 628, 1)
(125436, 628, 1)
(125456, 628, 1)
(37876, 190, 1)
(37882, 190, 1)
(46027, 231, 1)
(46314, 232, 1)
(46562, 233, 1)
(46585, 233, 1)
(46702, 234, 1)
(46729, 234, 1)
(46760, 234, 1)
(46796, 234, 1)
(47065, 236, 1)
(47131, 236, 1)
(47248, 237, 1)
(47345, 237, 1)
(47460, 238, 1)
(47530, 238, 1)
(47597, 238, 1)
(75247, 377, 1)
(75388, 377, 1)
(75535, 378, 1)
(75646, 379, 1)
(75645, 379, 1)
(75650, 379, 1)
(75832, 380, 1)
(83026, 416, 1)
(83140, 416, 1)
(83404, 418, 1)
(83499, 418, 1)
(83531, 418, 1)
(144391, 723, 1)
(144419, 723, 1)
(144583, 724, 1)
(144670, 724, 1)
(144783, 725, 1)
(144786, 725, 1)
(170081, 851, 1)
(170145, 852, 1)
(170286, 852, 1)
(170368, 853, 1)
(170717, 854, 1)
(170757, 855, 1)
(153959, 771, 1)
(154069, 771, 1)
(154108, 771, 1)
(154243, 772, 1)
(154262, 772, 1)
(154324, 773, 1)
(154554, 774, 1)
(154587, 774, 1)
(154582, 774, 1)
(154916, 775, 1)
(168181, 842, 1)
(168217, 842, 1)
(168275, 842, 1)
(168350, 843, 1)
(168460, 843, 1)
(168490, 843, 1)
(168494, 843, 1)
(168554, 844, 1)
(168623, 844, 1)
(168627, 844, 1)
(168720, 845, 1)
(168822, 845, 1)
(168852, 845, 1)
(161432, 808, 1)
(161509, 808, 1)
(161573, 809, 1)
(161880, 810, 1)
(161886, 810, 1)
(167202, 837, 1)
(167442, 838, 1)
(167439, 838, 1)
(167436, 838, 1)
(167518, 838, 1)
(167832, 840, 1)
(174025, 871, 1)
(174051, 871, 1)
(162447, 813, 1)
(162500, 813, 1)
(162556, 814, 1)
(168985, 846, 1)
(169171, 847, 1)
(169184, 847, 1)
(169287, 847, 1)
(169351, 848, 1)
(169430, 848, 1)
(169568, 849, 1)
(169744, 850, 1)
(171122, 857, 1)
(171177, 857, 1)
(171306, 857, 1)
(171364, 858, 1)
(171503, 858, 1)
(171638, 859, 1)
(171772, 860, 1)
(181011, 906, 1)
(181036, 906, 1)
(181182, 907, 1)
(206689, 1035, 1)
(206808, 1035, 1)
(207038, 1037, 1)
(207101, 1037, 1)
(207396, 1038, 1)
(209439, 1049, 1)
(209506, 1049, 1)
(209610, 1049, 1)
(209677, 1050, 1)
(209687, 1050, 1)
(209710, 1050, 1)
(209795, 1050, 1)
(210400, 1053, 1)
(50939, 255, 1)
(50944, 255, 1)
(70132, 351, 1)
(70439, 353, 1)
(70450, 353, 1)
(70592, 353, 1)
(70788, 354, 1)
(70948, 355, 1)
(76409, 383, 1)
(76416, 383, 1)
(76457, 383, 1)
(76526, 383, 1)
(73030, 366, 1)
(73065, 366, 1)
(73245, 367, 1)
(73242, 367, 1)
(73497, 368, 1)
(73551, 368, 1)
(73576, 368, 1)
(73797, 369, 1)
(106098, 531, 1)
(106169, 532, 1)
(106220, 532, 1)
(106247, 532, 1)
(66606, 334, 1)
(66690, 334, 1)
(66699, 334, 1)
(66716, 334, 1)
(66961, 335, 1)
(66991, 335, 1)
(93312, 467, 1)
(93317, 467, 1)
(93459, 468, 1)
(93810, 470, 1)
(155005, 776, 1)
(155023, 776, 1)
(155189, 777, 1)
(155196, 777, 1)
(155287, 777, 1)
(81654, 409, 1)
(81747, 409, 1)
(81996, 410, 1)
(97131, 487, 1)
(97119, 487, 1)
(97147, 487, 1)
(97171, 487, 1)
(97232, 487, 1)
(97237, 487, 1)
(97255, 487, 1)
(97372, 488, 1)
(97432, 488, 1)
(97476, 488, 1)
(97538, 489, 1)
(97726, 490, 1)
(97765, 490, 1)
(97867, 490, 1)
(97909, 490, 1)
(143973, 721, 1)
(143983, 721, 1)
(143985, 721, 1)
(144317, 722, 1)
(92674, 464, 1)
(92680, 464, 1)
(92787, 465, 1)
(131942, 661, 1)
(132058, 661, 1)
(132140, 662, 1)
(132161, 662, 1)
(132524, 664, 1)
(132614, 664, 1)
(132724, 665, 1)
(132761, 665, 1)
(115396, 578, 1)
(115476, 578, 1)
(115763, 580, 1)
(115772, 580, 1)
(115785, 580, 1)
(133020, 666, 1)
(133045, 666, 1)
(133080, 666, 1)
(133100, 666, 1)
(133176, 667, 1)
(133195, 667, 1)
(133189, 667, 1)
(133296, 667, 1)
(133332, 668, 1)
(133500, 668, 1)
(133565, 669, 1)
(133613, 669, 1)
(133662, 669, 1)
(133794, 670, 1)
(133811, 670, 1)
(134108, 671, 1)
(125646, 629, 1)
(125807, 630, 1)
(157073, 786, 1)
(157174, 787, 1)
(157276, 787, 1)
(157536, 789, 1)
(157608, 789, 1)
(157779, 790, 1)
(157773, 790, 1)
(157914, 790, 1)
(162055, 811, 1)
(134129, 672, 1)
(134336, 673, 1)
(134637, 674, 1)
(134696, 674, 1)
(134735, 675, 1)
(134869, 675, 1)
(140930, 706, 1)
(141022, 706, 1)
(141141, 707, 1)
(141168, 707, 1)
(141465, 708, 1)
(141488, 708, 1)
(141482, 708, 1)
(141655, 709, 1)
(174200, 872, 1)
(174250, 872, 1)
(174234, 872, 1)
(174698, 874, 1)
(188480, 944, 1)
(188554, 944, 1)
(188584, 944, 1)
(188640, 945, 1)
(188671, 945, 1)
(188731, 945, 1)
(188926, 946, 1)
(188955, 946, 1)
(189002, 946, 1)
(189160, 947, 1)
(189263, 948, 1)
(111341, 558, 1)
(111473, 558, 1)
(111486, 558, 1)
(111594, 559, 1)
(111710, 559, 1)
(111809, 560, 1)
(127940, 641, 1)
(128023, 641, 1)
(128620, 644, 1)
(128660, 644, 1)
(128722, 645, 1)
(128862, 645, 1)
(142440, 713, 1)
(142530, 714, 1)
(142535, 714, 1)
(142612, 714, 1)
(142846, 715, 1)
(142900, 715, 1)
(150445, 753, 1)
(150608, 754, 1)
(150786, 755, 1)
(150851, 755, 1)
(150884, 755, 1)
(152051, 761, 1)
(152191, 762, 1)
(152206, 762, 1)
(152309, 762, 1)
(152772, 765, 1)
(162944, 816, 1)
(162980, 816, 1)
(163033, 816, 1)
(163113, 816, 1)
(163631, 819, 1)
(163661, 819, 1)
(163682, 819, 1)
(163799, 820, 1)
(176366, 883, 1)
(176541, 884, 1)
(176594, 884, 1)
(176890, 885, 1)
(176881, 885, 1)
(190882, 956, 1)
(190993, 956, 1)
(191192, 957, 1)
(191196, 957, 1)
(191247, 958, 1)
(191366, 958, 1)
(193542, 969, 1)
(193577, 969, 1)
(193897, 971, 1)
(194033, 971, 1)
(194053, 972, 1)
(194122, 972, 1)
(194330, 973, 1)
(204899, 1026, 1)
(204980, 1026, 1)
(205023, 1026, 1)
(205028, 1026, 1)
(205107, 1027, 1)
(205231, 1027, 1)
(205358, 1028, 1)
(205426, 1028, 1)
(213609, 1069, 1)
(213633, 1069, 1)
(213733, 1070, 1)
(213867, 1071, 1)
(213960, 1071, 1)
(214096, 1072, 1)
(214120, 1072, 1)
(214253, 1073, 1)
(214372, 1073, 1)
(229857, 1151, 1)
(229931, 1151, 1)
(229970, 1151, 1)
(230110, 1152, 1)
(230182, 1152, 1)
(230189, 1152, 1)
(234099, 1172, 1)
(234149, 1172, 1)
(234337, 1173, 1)
(234353, 1173, 1)
(234921, 1176, 1)
(235053, 1177, 1)
(235080, 1177, 1)
(235185, 1177, 1)
(238667, 1195, 1)
(238693, 1195, 1)
(238845, 1196, 1)
(238956, 1196, 1)
(239046, 1197, 1)
(239039, 1197, 1)
(239154, 1197, 1)
(239239, 1198, 1)
(239297, 1198, 1)
(241927, 1211, 1)
(242098, 1212, 1)
(242134, 1212, 1)
(242253, 1213, 1)
(242309, 1213, 1)
(242683, 1215, 1)
(242749, 1215, 1)
(243043, 1217, 1)
(243075, 1217, 1)
(243224, 1217, 1)
(243316, 1218, 1)
(243334, 1218, 1)
(243343, 1218, 1)
(243416, 1218, 1)
(245890, 1231, 1)
(246040, 1232, 1)
(246397, 1233, 1)
(248888, 1246, 1)
(249017, 1246, 1)
(249051, 1247, 1)
(249067, 1247, 1)
(249085, 1247, 1)
(249128, 1247, 1)
(249141, 1247, 1)
(249215, 1247, 1)
(249306, 1248, 1)
(24873, 125, 1)
(24958, 125, 1)
(56164, 281, 1)
(56222, 282, 1)
(56517, 283, 1)
(56679, 284, 1)
(56706, 284, 1)
(56735, 284, 1)
(56798, 284, 1)
(56806, 285, 1)
(56853, 285, 1)
(82081, 411, 1)
(82513, 413, 1)
(82580, 413, 1)
(32087, 161, 1)
(32282, 162, 1)
(32297, 162, 1)
(32394, 162, 1)
(32544, 163, 1)
(32685, 164, 1)
(32755, 164, 1)
(192467, 964, 1)
(192545, 964, 1)
(192659, 965, 1)
(192649, 965, 1)
(192706, 965, 1)
(192718, 965, 1)
(192778, 965, 1)
(192910, 966, 1)
(193200, 967, 1)
(91607, 459, 1)
(91637, 459, 1)
(91707, 459, 1)
(91714, 459, 1)
(91726, 460, 1)
(98919, 496, 1)
(99158, 497, 1)
(99367, 498, 1)
(99649, 499, 1)
(99671, 499, 1)
(99828, 500, 1)
(99855, 500, 1)
(99890, 500, 1)
(130928, 656, 1)
(131055, 656, 1)
(131213, 657, 1)
(173269, 867, 1)
(173386, 868, 1)
(173392, 868, 1)
(173395, 868, 1)
(173656, 869, 1)
(173735, 870, 1)
(173868, 870, 1)
(173890, 870, 1)
(217550, 1089, 1)
(217823, 1090, 1)
(217844, 1091, 1)
(217918, 1091, 1)
(217988, 1091, 1)
(217985, 1091, 1)
(218050, 1092, 1)
(218086, 1092, 1)
(218129, 1092, 1)
(218143, 1092, 1)
(218284, 1093, 1)
(218352, 1093, 1)
(187427, 938, 1)
(203920, 1021, 1)
(204019, 1021, 1)
(204060, 1022, 1)
(204144, 1022, 1)
(210642, 1055, 1)
(210649, 1055, 1)
(210762, 1055, 1)
(210874, 1056, 1)
(214514, 1074, 1)
(214589, 1074, 1)
(214691, 1075, 1)
(214670, 1075, 1)
(214761, 1075, 1)
(239519, 1199, 1)
(239645, 1200, 1)
(239692, 1200, 1)
(239707, 1200, 1)
(239736, 1200, 1)
(199137, 997, 1)
(199226, 997, 1)
(199290, 998, 1)
(199304, 998, 1)
(200497, 1004, 1)
(200767, 1005, 1)
(200889, 1006, 1)
(201045, 1007, 1)
(201044, 1007, 1)
(201088, 1007, 1)
(201185, 1007, 1)
(220500, 1104, 1)
(220746, 1105, 1)
(220795, 1105, 1)
(209152, 1047, 1)
(209204, 1047, 1)
(209371, 1048, 1)
(244563, 1224, 1)
(244638, 1225, 1)
(244661, 1225, 1)
(244694, 1225, 1)
(244846, 1226, 1)
(244874, 1226, 1)
(244961, 1226, 1)
(245055, 1227, 1)
(245207, 1227, 1)
(245226, 1227, 1)
(245308, 1228, 1)
(245423, 1228, 1)
(245456, 1229, 1)
(245515, 1229, 1)
(245716, 1230, 1)
(245663, 1230, 1)
(245748, 1230, 1)
(227049, 1137, 1)
(227207, 1137, 1)
(227261, 1138, 1)
(227319, 1138, 1)
(227447, 1139, 1)
(227812, 1140, 1)
(228037, 1142, 1)
(228393, 1143, 1)
(228476, 1144, 1)
(240189, 1202, 1)
(240330, 1203, 1)
(240435, 1203, 1)
(247663, 1240, 1)
(247791, 1240, 1)
(247822, 1240, 1)
(248088, 1242, 1)
(248106, 1242, 1)
(248173, 1242, 1)
(248396, 1243, 1)
(248427, 1243, 1)
(248557, 1244, 1)
(248807, 1245, 1)
(4129, 21, 1)
(4185, 21, 1)
(4164, 21, 1)
(4203, 22, 1)
(4298, 22, 1)
(4390, 22, 1)
(4411, 23, 1)
(4697, 24, 1)
(4788, 24, 1)
(37401, 188, 1)
(37732, 189, 1)
(27257, 137, 1)
(27545, 138, 1)
(27563, 138, 1)
(27633, 139, 1)
(27685, 139, 1)
(43031, 216, 1)
(43095, 216, 1)
(43324, 217, 1)
(43721, 219, 1)
(33802, 170, 1)
(33944, 170, 1)
(36036, 181, 1)
(36277, 182, 1)
(36492, 183, 1)
(36496, 183, 1)
(36519, 183, 1)
(36545, 183, 1)
(45169, 226, 1)
(45444, 228, 1)
(45553, 228, 1)
(47607, 239, 1)
(47690, 239, 1)
(47772, 239, 1)
(47841, 240, 1)
(126944, 636, 1)
(127050, 636, 1)
(127135, 637, 1)
(127162, 637, 1)
(127316, 637, 1)
(127506, 638, 1)
(127711, 639, 1)
(127693, 639, 1)
(127837, 640, 1)
(127863, 640, 1)
(127892, 640, 1)
(149960, 751, 1)
(150044, 751, 1)
(150085, 751, 1)
(150097, 751, 1)
(150033, 751, 1)
(150161, 752, 1)
(100107, 501, 1)
(100061, 501, 1)
(100191, 502, 1)
(100183, 502, 1)
(100309, 502, 1)
(100315, 502, 1)
(100662, 504, 1)
(100669, 504, 1)
(100778, 505, 1)
(100833, 505, 1)
(100834, 505, 1)
(181464, 909, 1)
(181564, 909, 1)
(181592, 909, 1)
(181674, 910, 1)
(181787, 910, 1)
(181990, 911, 1)
(145012, 726, 1)
(145243, 727, 1)
(145298, 727, 1)
(145556, 729, 1)
(145615, 729, 1)
(145652, 729, 1)
(157965, 791, 1)
(157967, 791, 1)
(158306, 792, 1)
(158318, 792, 1)
(126144, 632, 1)
(126431, 633, 1)
(126515, 633, 1)
(126714, 634, 1)
(177096, 886, 1)
(177122, 887, 1)
(177179, 887, 1)
(177200, 887, 1)
(177253, 887, 1)
(177366, 888, 1)
(177398, 888, 1)
(177608, 889, 1)
(177662, 889, 1)
(177713, 889, 1)
(177719, 890, 1)
(177779, 890, 1)
(201934, 1011, 1)
(201940, 1011, 1)
(201945, 1011, 1)
(201996, 1011, 1)
(202060, 1012, 1)
(202346, 1013, 1)
(211622, 1059, 1)
(212313, 1063, 1)
(212383, 1063, 1)
(221860, 1111, 1)
(222048, 1112, 1)
(222088, 1112, 1)
(222091, 1112, 1)
(222095, 1112, 1)
(222220, 1112, 1)
(225721, 1130, 1)
(225716, 1130, 1)
(225823, 1130, 1)
(225909, 1131, 1)
(226086, 1132, 1)
(226178, 1132, 1)
(226307, 1133, 1)
(226434, 1133, 1)
(242459, 1214, 1)
(231276, 1158, 1)
(231298, 1158, 1)
(231340, 1158, 1)
(231440, 1159, 1)
(231624, 1159, 1)
(231738, 1160, 1)
(231798, 1160, 1)
(232121, 1162, 1)
(241455, 1209, 1)
(241504, 1209, 1)
(241501, 1209, 1)
(241571, 1209, 1)
(241604, 1209, 1)
(241693, 1210, 1)
(13211, 67, 1)
(13232, 67, 1)
(13404, 68, 1)
(13407, 68, 1)
(13725, 69, 1)
(13969, 70, 1)
(139325, 698, 1)
(139387, 698, 1)
(139452, 698, 1)
(18821, 95, 1)
(40468, 203, 1)
(40549, 203, 1)
(40814, 205, 1)
(40908, 205, 1)
(40998, 205, 1)
(94959, 476, 1)
(95022, 476, 1)
(95085, 476, 1)
(95100, 476, 1)
(95125, 477, 1)
(95204, 477, 1)
(22071, 111, 1)
(22099, 111, 1)
(22159, 111, 1)
(22200, 111, 1)
(22212, 112, 1)
(22391, 112, 1)
(22397, 112, 1)
(22438, 113, 1)
(22492, 113, 1)
(22604, 114, 1)
(22777, 114, 1)
(24229, 122, 1)
(24308, 122, 1)
(24307, 122, 1)
(24303, 122, 1)
(24369, 122, 1)
(24597, 123, 1)
(26001, 131, 1)
(26205, 132, 1)
(26326, 132, 1)
(26642, 134, 1)
(26681, 134, 1)
(26808, 135, 1)
(26837, 135, 1)
(61157, 306, 1)
(61372, 307, 1)
(61543, 308, 1)
(61601, 309, 1)
(61677, 309, 1)
(61739, 309, 1)
(184515, 924, 1)
(184530, 924, 1)
(184534, 924, 1)
(184593, 924, 1)
(184952, 926, 1)
(185136, 927, 1)
(185396, 928, 1)
(195543, 979, 1)
(195552, 979, 1)
(195580, 979, 1)
(195704, 980, 1)
(195715, 980, 1)
(195763, 980, 1)
(195768, 980, 1)
(195872, 981, 1)
(195860, 981, 1)
(195994, 981, 1)
(196031, 981, 1)
(72029, 361, 1)
(72068, 361, 1)
(72161, 361, 1)
(72252, 362, 1)
(72319, 362, 1)
(72540, 363, 1)
(72704, 364, 1)
(72711, 364, 1)
(72773, 364, 1)
(72846, 365, 1)
(72906, 365, 1)
(72949, 365, 1)
(81159, 406, 1)
(81154, 406, 1)
(81223, 407, 1)
(81417, 408, 1)
(81594, 408, 1)
(77619, 389, 1)
(77636, 389, 1)
(77768, 389, 1)
(77948, 390, 1)
(109044, 546, 1)
(109477, 548, 1)
(109484, 548, 1)
(109542, 549, 1)
(109815, 550, 1)
(109862, 550, 1)
(112027, 561, 1)
(112161, 562, 1)
(112251, 562, 1)
(96164, 482, 1)
(96384, 483, 1)
(96463, 483, 1)
(96756, 485, 1)
(96832, 485, 1)
(117157, 587, 1)
(117276, 587, 1)
(95560, 479, 1)
(95704, 479, 1)
(115971, 581, 1)
(115998, 581, 1)
(116019, 581, 1)
(116129, 582, 1)
(116150, 582, 1)
(116167, 582, 1)
(116175, 582, 1)
(116381, 583, 1)
(116444, 583, 1)
(116480, 583, 1)
(116768, 585, 1)
(116780, 585, 1)
(140240, 702, 1)
(104210, 522, 1)
(104721, 525, 1)
(104845, 525, 1)
(104911, 525, 1)
(136101, 681, 1)
(136234, 682, 1)
(136347, 683, 1)
(136437, 683, 1)
(140414, 703, 1)
(140452, 703, 1)
(140503, 703, 1)
(140550, 704, 1)
(140739, 705, 1)
(140766, 705, 1)
(145926, 731, 1)
(146129, 732, 1)
(146275, 732, 1)
(146477, 733, 1)
(146645, 734, 1)
(146782, 735, 1)
(19086, 96, 1)
(19234, 97, 1)
(19269, 97, 1)
(19442, 98, 1)
(19691, 99, 1)
(19726, 99, 1)
(19747, 99, 1)
(19784, 99, 1)
(19848, 100, 1)
(19835, 100, 1)
(21043, 106, 1)
(21144, 106, 1)
(21235, 107, 1)
(21262, 107, 1)
(21263, 107, 1)
(21378, 107, 1)
(21489, 108, 1)
(21494, 108, 1)
(21594, 108, 1)
(21756, 109, 1)
(30375, 152, 1)
(30429, 153, 1)
(30422, 153, 1)
(30526, 153, 1)
(30555, 153, 1)
(30816, 155, 1)
(30884, 155, 1)
(52143, 261, 1)
(52199, 261, 1)
(52201, 262, 1)
(52226, 262, 1)
(52397, 262, 1)
(52399, 262, 1)
(52647, 264, 1)
(52678, 264, 1)
(42896, 215, 1)
(42907, 215, 1)
(54033, 271, 1)
(54211, 272, 1)
(54242, 272, 1)
(54439, 273, 1)
(54436, 273, 1)
(54724, 274, 1)
(54793, 274, 1)
(54946, 275, 1)
(107190, 537, 1)
(107197, 537, 1)
(107201, 537, 1)
(107198, 537, 1)
(107308, 537, 1)
(107341, 538, 1)
(107496, 538, 1)
(45965, 230, 1)
(45980, 230, 1)
(53125, 266, 1)
(53384, 267, 1)
(53538, 268, 1)
(53784, 269, 1)
(53797, 269, 1)
(115026, 576, 1)
(115105, 576, 1)
(115154, 577, 1)
(115198, 577, 1)
(115289, 577, 1)
(57870, 290, 1)
(69026, 346, 1)
(69112, 346, 1)
(69088, 346, 1)
(69206, 347, 1)
(69573, 348, 1)
(69591, 348, 1)
(69615, 349, 1)
(69692, 349, 1)
(69716, 349, 1)
(69834, 350, 1)
(112994, 566, 1)
(113016, 566, 1)
(113036, 566, 1)
(113055, 566, 1)
(113167, 567, 1)
(113389, 568, 1)
(113385, 568, 1)
(113468, 568, 1)
(102933, 516, 1)
(102934, 516, 1)
(103073, 516, 1)
(103180, 517, 1)
(103347, 518, 1)
(103371, 518, 1)
(103573, 519, 1)
(123969, 621, 1)
(123991, 621, 1)
(124117, 621, 1)
(124226, 622, 1)
(124271, 622, 1)
(124321, 623, 1)
(124393, 623, 1)
(76643, 384, 1)
(76727, 384, 1)
(76734, 384, 1)
(76875, 385, 1)
(76882, 385, 1)
(76892, 385, 1)
(76965, 385, 1)
(98140, 492, 1)
(98285, 492, 1)
(98580, 494, 1)
(98779, 495, 1)
(98824, 495, 1)
(113980, 571, 1)
(114036, 571, 1)
(114268, 572, 1)
(83644, 419, 1)
(83691, 419, 1)
(83721, 419, 1)
(83951, 420, 1)
(87020, 436, 1)
(87057, 436, 1)
(87231, 437, 1)
(87234, 437, 1)
(87319, 437, 1)
(87347, 437, 1)
(87382, 437, 1)
(87592, 438, 1)
(87602, 439, 1)
(87709, 439, 1)
(87876, 440, 1)
(110985, 556, 1)
(110994, 556, 1)
(111030, 556, 1)
(113524, 569, 1)
(113574, 569, 1)
(113664, 569, 1)
(113770, 570, 1)
(113798, 570, 1)
(122025, 611, 1)
(122028, 611, 1)
(122132, 612, 1)
(122147, 612, 1)
(122176, 612, 1)
(122271, 612, 1)
(122393, 613, 1)
(122624, 614, 1)
(122687, 614, 1)
(122627, 614, 1)
(122729, 615, 1)
(122907, 615, 1)
(122899, 615, 1)
(142112, 711, 1)
(142125, 712, 1)
(131545, 659, 1)
(131653, 659, 1)
(131770, 660, 1)
(131771, 660, 1)
(178999, 896, 1)
(179082, 896, 1)
(179535, 899, 1)
(179529, 899, 1)
(179577, 899, 1)
(179635, 899, 1)
(179802, 900, 1)
(179877, 900, 1)
(183601, 919, 1)
(148332, 743, 1)
(148639, 744, 1)
(148757, 745, 1)
(148865, 745, 1)
(187855, 941, 1)
(187859, 941, 1)
(187866, 941, 1)
(187904, 941, 1)
(188229, 942, 1)
(188230, 942, 1)
(188375, 943, 1)
(188413, 943, 1)
(197444, 989, 1)
(197454, 989, 1)
(153372, 768, 1)
(153699, 769, 1)
(155920, 781, 1)
(156045, 781, 1)
(156415, 783, 1)
(156722, 785, 1)
(156738, 785, 1)
(156741, 785, 1)
(156769, 785, 1)
(156799, 785, 1)
(158384, 793, 1)
(158402, 793, 1)
(158617, 794, 1)
(158649, 794, 1)
(158748, 795, 1)
(158780, 795, 1)
(159940, 801, 1)
(160105, 801, 1)
(160132, 802, 1)
(160188, 802, 1)
(160378, 803, 1)
(160429, 803, 1)
(160452, 803, 1)
(160471, 803, 1)
(160571, 804, 1)
(160682, 804, 1)
(160728, 805, 1)
(20063, 101, 1)
(20073, 101, 1)
(20120, 101, 1)
(20186, 101, 1)
(20350, 102, 1)
(20602, 104, 1)
(20606, 104, 1)
(20742, 104, 1)
(33030, 166, 1)
(33088, 166, 1)
(33241, 167, 1)
(33753, 169, 1)
(33740, 169, 1)
(33791, 169, 1)
(28003, 141, 1)
(28031, 141, 1)
(28019, 141, 1)
(28105, 141, 1)
(28459, 143, 1)
(28517, 143, 1)
(28476, 143, 1)
(28667, 144, 1)
(28710, 144, 1)
(28765, 144, 1)
(28823, 145, 1)
(28817, 145, 1)
(28835, 145, 1)
(59324, 297, 1)
(59454, 298, 1)
(59644, 299, 1)
(59733, 299, 1)
(59734, 299, 1)
(44876, 225, 1)
(44938, 225, 1)
(86029, 431, 1)
(86140, 431, 1)
(86150, 431, 1)
(86192, 431, 1)
(86449, 433, 1)
(86707, 434, 1)
(86799, 434, 1)
(86850, 435, 1)
(86971, 435, 1)
(120963, 606, 1)
(121220, 607, 1)
(121272, 607, 1)
(121439, 608, 1)
(121479, 608, 1)
(65095, 326, 1)
(65124, 326, 1)
(65163, 326, 1)
(65168, 326, 1)
(65288, 327, 1)
(65597, 328, 1)
(65701, 329, 1)
(104961, 526, 1)
(104972, 526, 1)
(105000, 526, 1)
(105021, 526, 1)
(105129, 527, 1)
(105190, 527, 1)
(105382, 528, 1)
(105515, 528, 1)
(105635, 529, 1)
(105680, 529, 1)
(105607, 529, 1)
(71180, 356, 1)
(71252, 357, 1)
(74882, 375, 1)
(74898, 375, 1)
(74959, 375, 1)
(78160, 391, 1)
(78227, 392, 1)
(78286, 392, 1)
(78296, 392, 1)
(78343, 392, 1)
(78380, 392, 1)
(78530, 393, 1)
(78650, 394, 1)
(91025, 456, 1)
(91218, 457, 1)
(91230, 457, 1)
(91322, 458, 1)
(91398, 458, 1)
(105862, 530, 1)
(149054, 746, 1)
(149127, 747, 1)
(149151, 747, 1)
(149170, 747, 1)
(149310, 747, 1)
(149350, 748, 1)
(149367, 748, 1)
(149677, 749, 1)
(149883, 750, 1)
(198461, 994, 1)
(198560, 994, 1)
(198638, 995, 1)
(198649, 995, 1)
(107816, 540, 1)
(107862, 540, 1)
(107887, 540, 1)
(120093, 601, 1)
(120112, 601, 1)
(120151, 602, 1)
(120194, 602, 1)
(120202, 602, 1)
(120278, 602, 1)
(120297, 602, 1)
(120503, 603, 1)
(120574, 604, 1)
(120688, 604, 1)
(120786, 605, 1)
(150925, 756, 1)
(150997, 756, 1)
(151017, 756, 1)
(151005, 756, 1)
(151154, 757, 1)
(151160, 757, 1)
(151184, 757, 1)
(151271, 757, 1)
(124631, 624, 1)
(124633, 624, 1)
(124682, 624, 1)
(205510, 1029, 1)
(205569, 1029, 1)
(205588, 1029, 1)
(205648, 1030, 1)
(205781, 1030, 1)
(205928, 1031, 1)
(206033, 1031, 1)
(206043, 1032, 1)
(206065, 1032, 1)
(206135, 1032, 1)
(206134, 1032, 1)
(206260, 1033, 1)
(234506, 1174, 1)
(234600, 1174, 1)
(234722, 1175, 1)
(234796, 1175, 1)
(183738, 920, 1)
(183793, 920, 1)
(184010, 921, 1)
(184194, 922, 1)
(184299, 923, 1)
(215522, 1079, 1)
(215744, 1080, 1)
(215746, 1080, 1)
(216097, 1082, 1)
(216126, 1082, 1)
(216289, 1083, 1)
(216388, 1083, 1)
(197704, 990, 1)
(197738, 990, 1)
(197870, 991, 1)
(198026, 991, 1)
(198206, 992, 1)
(198224, 992, 1)
(198347, 993, 1)
(199629, 999, 1)
(199638, 1000, 1)
(199646, 1000, 1)
(199695, 1000, 1)
(200298, 1003, 1)
(200422, 1003, 1)
(216563, 1084, 1)
(216743, 1085, 1)
(216749, 1085, 1)
(216830, 1085, 1)
(216845, 1086, 1)
(216837, 1086, 1)
(217208, 1087, 1)
(217245, 1088, 1)
(222445, 1114, 1)
(222535, 1114, 1)
(222727, 1115, 1)
(222786, 1115, 1)
(222850, 1116, 1)
(222860, 1116, 1)
(223106, 1117, 1)
(31862, 160, 1)
(67039, 336, 1)
(67154, 336, 1)
(67471, 338, 1)
(67542, 338, 1)
(67721, 339, 1)
(67758, 339, 1)
(67940, 340, 1)
(41112, 206, 1)
(41378, 207, 1)
(41623, 209, 1)
(41667, 209, 1)
(41823, 210, 1)
(41947, 210, 1)
(44012, 221, 1)
(44058, 221, 1)
(44070, 221, 1)
(44120, 221, 1)
(44207, 222, 1)
(44256, 222, 1)
(44270, 222, 1)
(44331, 222, 1)
(44537, 223, 1)
(44659, 224, 1)
(44752, 224, 1)
(44774, 224, 1)
(44777, 224, 1)
(52816, 265, 1)
(52814, 265, 1)
(52992, 265, 1)
(64002, 321, 1)
(64136, 321, 1)
(64220, 322, 1)
(64259, 322, 1)
(64382, 322, 1)
(64368, 322, 1)
(64443, 323, 1)
(64508, 323, 1)
(64522, 323, 1)
(64555, 323, 1)
(64599, 323, 1)
(64622, 324, 1)
(64665, 324, 1)
(64685, 324, 1)
(64713, 324, 1)
(64828, 325, 1)
(64869, 325, 1)
(64931, 325, 1)
(77096, 386, 1)
(77297, 387, 1)
(77546, 388, 1)
(63008, 316, 1)
(63242, 317, 1)
(63632, 319, 1)
(63652, 319, 1)
(63819, 320, 1)
(68010, 341, 1)
(68149, 341, 1)
(68185, 341, 1)
(68192, 341, 1)
(68216, 342, 1)
(68273, 342, 1)
(68310, 342, 1)
(68653, 344, 1)
(85955, 430, 1)
(88062, 441, 1)
(88590, 443, 1)
(88767, 444, 1)
(94000, 471, 1)
(94090, 471, 1)
(106729, 535, 1)
(106801, 535, 1)
(106837, 535, 1)
(106841, 535, 1)
(207491, 1039, 1)
(207512, 1039, 1)
(207631, 1039, 1)
(207681, 1040, 1)
(207726, 1040, 1)
(207808, 1040, 1)
(207842, 1041, 1)
(207976, 1041, 1)
(207996, 1041, 1)
(208039, 1042, 1)
(208095, 1042, 1)
(221497, 1109, 1)
(221651, 1110, 1)
(221644, 1110, 1)
(221680, 1110, 1)
(221743, 1110, 1)
(107958, 541, 1)
(108028, 541, 1)
(108147, 542, 1)
(108314, 542, 1)
(108479, 543, 1)
(108712, 544, 1)
(186522, 934, 1)
(186649, 935, 1)
(186796, 935, 1)
(186962, 936, 1)
(187120, 937, 1)
(187235, 937, 1)
(112333, 563, 1)
(112366, 563, 1)
(112363, 563, 1)
(112707, 564, 1)
(112734, 565, 1)
(129926, 651, 1)
(130036, 651, 1)
(130285, 652, 1)
(130822, 655, 1)
(143082, 716, 1)
(147380, 738, 1)
(147420, 738, 1)
(147726, 740, 1)
(147786, 740, 1)
(147846, 740, 1)
(147917, 740, 1)
(178003, 891, 1)
(178025, 891, 1)
(178233, 892, 1)
(178333, 893, 1)
(178337, 893, 1)
(178703, 894, 1)
(178759, 895, 1)
(206544, 1034, 1)
(206611, 1034, 1)
(151426, 758, 1)
(151514, 758, 1)
(151773, 760, 1)
(151758, 760, 1)
(164461, 823, 1)
(164611, 824, 1)
(164755, 825, 1)
(164870, 825, 1)
(172971, 866, 1)
(173068, 866, 1)
(189510, 949, 1)
(189540, 949, 1)
(190026, 951, 1)
(190199, 952, 1)
(190251, 953, 1)
(190326, 953, 1)
(190413, 953, 1)
(190417, 953, 1)
(208696, 1045, 1)
(183071, 917, 1)
(183332, 918, 1)
(183430, 918, 1)
(219552, 1099, 1)
(219548, 1099, 1)
(219622, 1099, 1)
(219838, 1101, 1)
(219895, 1101, 1)
(220010, 1101, 1)
(220066, 1102, 1)
(232476, 1164, 1)
(232639, 1165, 1)
(232699, 1165, 1)
(232784, 1165, 1)
(223346, 1118, 1)
(223418, 1118, 1)
(223633, 1119, 1)
(224198, 1122, 1)
(224233, 1122, 1)
(224308, 1123, 1)
(224396, 1123, 1)
(226449, 1134, 1)
(226524, 1134, 1)
(226567, 1134, 1)
(226627, 1134, 1)
(226714, 1135, 1)
(226693, 1135, 1)
(226752, 1135, 1)
(226801, 1135, 1)
(226853, 1136, 1)
(39261, 197, 1)
(39351, 197, 1)
(39694, 199, 1)
(39827, 200, 1)
(39974, 200, 1)
(39925, 200, 1)
(39983, 200, 1)
(57210, 287, 1)
(57475, 288, 1)
(57600, 288, 1)
(43835, 220, 1)
(55036, 276, 1)
(55026, 276, 1)
(55272, 277, 1)
(55729, 279, 1)
(55753, 279, 1)
(55843, 280, 1)
(55953, 280, 1)
(55958, 280, 1)
(101041, 506, 1)
(101148, 507, 1)
(101406, 508, 1)
(101475, 508, 1)
(101521, 509, 1)
(101527, 509, 1)
(101528, 509, 1)
(101688, 509, 1)
(101725, 510, 1)
(101791, 510, 1)
(101838, 510, 1)
(137135, 687, 1)
(137288, 687, 1)
(146997, 736, 1)
(165223, 827, 1)
(165320, 828, 1)
(165324, 828, 1)
(165411, 828, 1)
(165452, 828, 1)
(165740, 830, 1)
(165755, 830, 1)
(165775, 830, 1)
(165787, 830, 1)
(165847, 830, 1)
(179973, 901, 1)
(180064, 901, 1)
(180162, 902, 1)
(180226, 902, 1)
(180379, 903, 1)
(180455, 903, 1)
(180498, 903, 1)
(180557, 904, 1)
(180678, 904, 1)
(180751, 905, 1)
(211044, 1057, 1)
(211159, 1057, 1)
(211172, 1057, 1)
(224864, 1126, 1)
(224871, 1126, 1)
(225206, 1127, 1)
(225241, 1128, 1)
(225244, 1128, 1)
(233504, 1169, 1)
(233510, 1169, 1)
(233680, 1170, 1)
(221149, 1107, 1)
(221176, 1107, 1)
(236615, 1184, 1)
(236588, 1184, 1)
(236668, 1185, 1)
(236803, 1185, 1)
(236900, 1186, 1)
(237073, 1187, 1)
(237295, 1188, 1)
(237338, 1188, 1)
(237405, 1188, 1)
(238516, 1194, 1)
(238590, 1194, 1)
(238606, 1194, 1)
(122967, 616, 1)
(123101, 616, 1)
(123142, 617, 1)
(123309, 617, 1)
(123361, 618, 1)
(123848, 620, 1)
