(9, 1, 1)
(79, 1, 1)
(156, 1, 1)
(237, 1, 1)
(506, 2, 1)
(812, 2, 1)
(874, 2, 1)
(4994, 11, 1)
(5223, 11, 1)
(5259, 11, 1)
(5727, 12, 1)
(60414, 125, 1)
(61032, 126, 1)
(61023, 126, 1)
(61212, 126, 1)
(64455, 133, 1)
(64574, 133, 1)
(64571, 133, 1)
(64698, 133, 1)
(78605, 162, 1)
(78673, 162, 1)
(78739, 162, 1)
(78962, 162, 1)
(79022, 163, 1)
(79164, 163, 1)
(79407, 163, 1)
(79663, 164, 1)
(79837, 164, 1)
(79849, 164, 1)
(79917, 164, 1)
(92993, 191, 1)
(97470, 201, 1)
(97508, 201, 1)
(97520, 201, 1)
(97535, 201, 1)
(97548, 201, 1)
(97603, 201, 1)
(97630, 201, 1)
(97856, 201, 1)
(97868, 201, 1)
(98322, 202, 1)
(98380, 202, 1)
(104534, 215, 1)
(104544, 215, 1)
(104860, 216, 1)
(104882, 216, 1)
(104982, 216, 1)
(105109, 216, 1)
(111208, 229, 1)
(111633, 230, 1)
(111827, 230, 1)
(112815, 232, 1)
(113044, 232, 1)
(113096, 233, 1)
(113106, 233, 1)
(113155, 233, 1)
(113327, 233, 1)
(113947, 234, 1)
(113967, 234, 1)
(113998, 234, 1)
(139408, 287, 1)
(139600, 287, 1)
(139602, 287, 1)
(139819, 287, 1)
(139868, 288, 1)
(140463, 289, 1)
(231010, 475, 1)
(231042, 475, 1)
(231271, 475, 1)
(231263, 475, 1)
(231334, 475, 1)
(231372, 475, 1)
(231513, 476, 1)
(231567, 476, 1)
(231569, 476, 1)
(231617, 476, 1)
(231888, 477, 1)
(231898, 477, 1)
(231920, 477, 1)
(232476, 478, 1)
(232488, 478, 1)
(232512, 478, 1)
(232660, 478, 1)
(232807, 478, 1)
(232798, 478, 1)
(4066, 9, 1)
(4487, 10, 1)
(4519, 10, 1)
(4824, 10, 1)
(21591, 45, 1)
(21991, 45, 1)
(22246, 46, 1)
(22394, 46, 1)
(22517, 46, 1)
(114177, 235, 1)
(114505, 235, 1)
(114577, 236, 1)
(114709, 236, 1)
(114827, 236, 1)
(114995, 236, 1)
(115020, 236, 1)
(220589, 453, 1)
(220813, 454, 1)
(220888, 454, 1)
(116468, 239, 1)
(116486, 239, 1)
(117336, 241, 1)
(117490, 241, 1)
(117670, 242, 1)
(117690, 242, 1)
(121796, 251, 1)
(122104, 251, 1)
(122298, 252, 1)
(122387, 252, 1)
(122672, 252, 1)
(125931, 259, 1)
(125989, 259, 1)
(125998, 259, 1)
(126012, 259, 1)
(128094, 264, 1)
(128220, 264, 1)
(128246, 264, 1)
(129730, 267, 1)
(129963, 267, 1)
(130381, 268, 1)
(145346, 299, 1)
(145352, 299, 1)
(145474, 299, 1)
(145663, 299, 1)
(146236, 301, 1)
(146276, 301, 1)
(146579, 301, 1)
(146759, 302, 1)
(146938, 302, 1)
(147627, 303, 1)
(147705, 304, 1)
(147788, 304, 1)
(147821, 304, 1)
(147943, 304, 1)
(147951, 304, 1)
(147961, 304, 1)
(149180, 307, 1)
(149252, 307, 1)
(149424, 307, 1)
(149568, 307, 1)
(149661, 308, 1)
(149744, 308, 1)
(149904, 308, 1)
(240936, 495, 1)
(241088, 495, 1)
(241101, 495, 1)
(241252, 496, 1)
(611629, 1257, 1)
(611767, 1257, 1)
(611956, 1257, 1)
(612340, 1258, 1)
(10152, 21, 1)
(10408, 22, 1)
(10431, 22, 1)
(10651, 22, 1)
(10692, 22, 1)
(12029, 25, 1)
(12362, 26, 1)
(12384, 26, 1)
(12397, 26, 1)
(12604, 26, 1)
(12687, 26, 1)
(35911, 74, 1)
(35909, 74, 1)
(36032, 74, 1)
(52729, 109, 1)
(52979, 109, 1)
(53363, 110, 1)
(53569, 110, 1)
(53696, 110, 1)
(43037, 89, 1)
(43335, 89, 1)
(43550, 90, 1)
(43607, 90, 1)
(43801, 90, 1)
(154891, 319, 1)
(154908, 319, 1)
(155002, 319, 1)
(155169, 319, 1)
(155392, 320, 1)
(155690, 320, 1)
(155765, 320, 1)
(69743, 144, 1)
(69785, 144, 1)
(69815, 144, 1)
(69975, 144, 1)
(72400, 149, 1)
(72399, 149, 1)
(72477, 149, 1)
(72516, 149, 1)
(72733, 150, 1)
(73046, 150, 1)
(73095, 150, 1)
(73104, 150, 1)
(246216, 506, 1)
(246237, 506, 1)
(246282, 506, 1)
(246307, 506, 1)
(252466, 519, 1)
(252704, 519, 1)
(252759, 520, 1)
(252773, 520, 1)
(252959, 520, 1)
(252977, 520, 1)
(253202, 520, 1)
(460732, 947, 1)
(460897, 947, 1)
(461017, 947, 1)
(461124, 948, 1)
(461270, 948, 1)
(408782, 840, 1)
(411036, 845, 1)
(411376, 845, 1)
(411410, 845, 1)
(411414, 845, 1)
(411857, 846, 1)
(411963, 846, 1)
(411966, 846, 1)
(447468, 919, 1)
(447511, 919, 1)
(447640, 920, 1)
(452000, 929, 1)
(452065, 929, 1)
(452508, 930, 1)
(452575, 930, 1)
(452604, 930, 1)
(44116, 91, 1)
(44330, 91, 1)
(44785, 92, 1)
(44871, 92, 1)
(172590, 355, 1)
(172824, 355, 1)
(50424, 104, 1)
(50507, 104, 1)
(50613, 104, 1)
(50704, 104, 1)
(57809, 119, 1)
(58230, 120, 1)
(58528, 120, 1)
(54706, 113, 1)
(54870, 113, 1)
(54948, 113, 1)
(55051, 113, 1)
(55084, 113, 1)
(55178, 114, 1)
(55183, 114, 1)
(55339, 114, 1)
(55403, 114, 1)
(150974, 311, 1)
(151085, 311, 1)
(151170, 311, 1)
(55824, 115, 1)
(55845, 115, 1)
(55922, 115, 1)
(56046, 115, 1)
(56102, 115, 1)
(56317, 116, 1)
(56488, 116, 1)
(56509, 116, 1)
(56542, 116, 1)
(163824, 337, 1)
(164083, 337, 1)
(164058, 337, 1)
(164148, 337, 1)
(164213, 338, 1)
(164331, 338, 1)
(164352, 338, 1)
(170537, 351, 1)
(170568, 351, 1)
(170576, 351, 1)
(170591, 351, 1)
(170653, 351, 1)
(170775, 351, 1)
(170962, 351, 1)
(170970, 351, 1)
(171218, 352, 1)
(171302, 352, 1)
(171356, 352, 1)
(171466, 352, 1)
(174552, 359, 1)
(174700, 359, 1)
(174707, 359, 1)
(174710, 359, 1)
(174830, 359, 1)
(183762, 378, 1)
(192892, 397, 1)
(193108, 397, 1)
(193346, 397, 1)
(193806, 398, 1)
(277773, 571, 1)
(277811, 571, 1)
(277935, 571, 1)
(278181, 572, 1)
(278450, 572, 1)
(278490, 572, 1)
(278496, 572, 1)
(288365, 593, 1)
(288448, 593, 1)
(288582, 593, 1)
(293275, 603, 1)
(293545, 603, 1)
(293594, 603, 1)
(293636, 603, 1)
(294145, 604, 1)
(294192, 604, 1)
(421002, 865, 1)
(421147, 865, 1)
(421647, 866, 1)
(96978, 200, 1)
(97230, 200, 1)
(97369, 200, 1)
(101433, 209, 1)
(101465, 209, 1)
(101541, 209, 1)
(101567, 209, 1)
(101872, 210, 1)
(101984, 210, 1)
(102105, 210, 1)
(102108, 210, 1)
(105320, 217, 1)
(105480, 217, 1)
(105592, 217, 1)
(105715, 217, 1)
(105721, 217, 1)
(105803, 218, 1)
(105944, 218, 1)
(105988, 218, 1)
(106172, 218, 1)
(106363, 219, 1)
(115174, 237, 1)
(115194, 237, 1)
(115235, 237, 1)
(122701, 253, 1)
(122803, 253, 1)
(122855, 253, 1)
(123013, 253, 1)
(123119, 253, 1)
(123261, 254, 1)
(123695, 255, 1)
(123725, 255, 1)
(123886, 255, 1)
(124075, 255, 1)
(124213, 256, 1)
(124197, 256, 1)
(124356, 256, 1)
(124412, 256, 1)
(124585, 256, 1)
(126720, 261, 1)
(126955, 261, 1)
(127046, 261, 1)
(127163, 262, 1)
(127182, 262, 1)
(127334, 262, 1)
(127475, 262, 1)
(127546, 262, 1)
(131802, 271, 1)
(131851, 271, 1)
(132121, 272, 1)
(132202, 272, 1)
(132373, 272, 1)
(150249, 309, 1)
(150406, 309, 1)
(150506, 309, 1)
(150825, 310, 1)
(150914, 310, 1)
(211427, 435, 1)
(211654, 435, 1)
(211683, 435, 1)
(211711, 435, 1)
(211726, 435, 1)
(212017, 436, 1)
(212029, 436, 1)
(212927, 438, 1)
(212938, 438, 1)
(213226, 438, 1)
(213217, 438, 1)
(215241, 443, 1)
(215325, 443, 1)
(215338, 443, 1)
(216080, 444, 1)
(216086, 444, 1)
(234393, 482, 1)
(234441, 482, 1)
(234449, 482, 1)
(235900, 485, 1)
(235948, 485, 1)
(235961, 485, 1)
(236184, 485, 1)
(236486, 486, 1)
(237796, 489, 1)
(237930, 489, 1)
(237934, 489, 1)
(237931, 489, 1)
(237992, 489, 1)
(238104, 489, 1)
(238171, 489, 1)
(238485, 490, 1)
(238656, 490, 1)
(239768, 493, 1)
(239918, 493, 1)
(120815, 249, 1)
(124673, 257, 1)
(124703, 257, 1)
(124722, 257, 1)
(125271, 258, 1)
(125398, 258, 1)
(125438, 258, 1)
(179528, 369, 1)
(179739, 369, 1)
(179784, 369, 1)
(180002, 370, 1)
(180223, 370, 1)
(183243, 377, 1)
(183235, 377, 1)
(183328, 377, 1)
(183425, 377, 1)
(183506, 377, 1)
(217213, 447, 1)
(217284, 447, 1)
(217653, 447, 1)
(217680, 448, 1)
(217696, 448, 1)
(217736, 448, 1)
(217747, 448, 1)
(217991, 448, 1)
(218165, 449, 1)
(218329, 449, 1)
(218440, 449, 1)
(218536, 449, 1)
(219120, 450, 1)
(325705, 669, 1)
(325833, 669, 1)
(326069, 670, 1)
(333043, 685, 1)
(333273, 685, 1)
(333389, 685, 1)
(333479, 685, 1)
(333499, 685, 1)
(333551, 686, 1)
(335971, 691, 1)
(336149, 691, 1)
(336366, 691, 1)
(336407, 691, 1)
(336502, 692, 1)
(336617, 692, 1)
(336674, 692, 1)
(336688, 692, 1)
(336703, 692, 1)
(336876, 692, 1)
(344797, 709, 1)
(344787, 709, 1)
(344992, 709, 1)
(336940, 693, 1)
(336963, 693, 1)
(337009, 693, 1)
(337388, 693, 1)
(337446, 694, 1)
(337605, 694, 1)
(337612, 694, 1)
(338066, 695, 1)
(338219, 695, 1)
(338306, 695, 1)
(338401, 695, 1)
(338503, 696, 1)
(338584, 696, 1)
(338650, 696, 1)
(338675, 696, 1)
(338770, 696, 1)
(338809, 696, 1)
(338884, 696, 1)
(440287, 905, 1)
(440468, 905, 1)
(440496, 905, 1)
(441066, 906, 1)
(441186, 906, 1)
(446820, 918, 1)
(446859, 918, 1)
(528219, 1085, 1)
(528463, 1086, 1)
(528551, 1086, 1)
(528619, 1086, 1)
(528670, 1086, 1)
(528850, 1087, 1)
(528901, 1087, 1)
(529159, 1087, 1)
(529182, 1087, 1)
(529421, 1088, 1)
(529640, 1088, 1)
(187707, 386, 1)
(187825, 386, 1)
(187906, 386, 1)
(192050, 395, 1)
(192172, 395, 1)
(192241, 395, 1)
(192247, 395, 1)
(192310, 395, 1)
(192607, 396, 1)
(192781, 396, 1)
(242040, 498, 1)
(242060, 498, 1)
(242086, 498, 1)
(242172, 498, 1)
(242226, 498, 1)
(242323, 498, 1)
(242395, 498, 1)
(247587, 509, 1)
(247654, 509, 1)
(247690, 509, 1)
(247697, 509, 1)
(251347, 517, 1)
(251653, 517, 1)
(251922, 518, 1)
(252064, 518, 1)
(252233, 518, 1)
(255238, 525, 1)
(255394, 525, 1)
(255564, 525, 1)
(255927, 526, 1)
(255980, 526, 1)
(256170, 526, 1)
(299838, 616, 1)
(299875, 616, 1)
(300119, 617, 1)
(300290, 617, 1)
(300693, 618, 1)
(300730, 618, 1)
(300939, 618, 1)
(483958, 995, 1)
(484070, 995, 1)
(484109, 995, 1)
(484665, 996, 1)
(484758, 996, 1)
(488981, 1005, 1)
(489185, 1005, 1)
(489343, 1006, 1)
(489381, 1006, 1)
(489617, 1006, 1)
(489677, 1006, 1)
(496481, 1020, 1)
(496622, 1020, 1)
(519080, 1067, 1)
(519137, 1067, 1)
(519207, 1067, 1)
(519492, 1067, 1)
(519595, 1068, 1)
(519635, 1068, 1)
(519951, 1068, 1)
(520000, 1068, 1)
(520005, 1068, 1)
(500111, 1028, 1)
(500138, 1028, 1)
(500396, 1028, 1)
(500514, 1028, 1)
(500561, 1028, 1)
(504620, 1037, 1)
(504656, 1037, 1)
(504670, 1037, 1)
(505134, 1038, 1)
(505172, 1038, 1)
(505167, 1038, 1)
(505463, 1038, 1)
(505499, 1038, 1)
(598311, 1229, 1)
(598359, 1229, 1)
(598442, 1229, 1)
(598816, 1230, 1)
(598940, 1230, 1)
(599103, 1231, 1)
(599478, 1231, 1)
(599546, 1232, 1)
(599689, 1232, 1)
(599707, 1232, 1)
(256777, 528, 1)
(257021, 528, 1)
(257119, 528, 1)
(257129, 528, 1)
(257154, 528, 1)
(258162, 531, 1)
(258196, 531, 1)
(258238, 531, 1)
(258412, 531, 1)
(258500, 531, 1)
(258556, 531, 1)
(258758, 532, 1)
(258779, 532, 1)
(462646, 951, 1)
(462683, 951, 1)
(462760, 951, 1)
(462803, 951, 1)
(462812, 951, 1)
(463010, 951, 1)
(463079, 952, 1)
(463125, 952, 1)
(463148, 952, 1)
(463290, 952, 1)
(479257, 985, 1)
(479547, 985, 1)
(479567, 985, 1)
(479825, 986, 1)
(479937, 986, 1)
(480016, 986, 1)
(480027, 986, 1)
(565309, 1161, 1)
(565442, 1162, 1)
(565554, 1162, 1)
(565775, 1162, 1)
(565864, 1162, 1)
(567884, 1167, 1)
(568177, 1167, 1)
(568268, 1167, 1)
(568414, 1168, 1)
(568536, 1168, 1)
(568644, 1168, 1)
(309209, 636, 1)
(309686, 636, 1)
(315740, 649, 1)
(315833, 649, 1)
(315827, 649, 1)
(316070, 650, 1)
(316545, 650, 1)
(309799, 637, 1)
(309815, 637, 1)
(309925, 637, 1)
(309921, 637, 1)
(310198, 638, 1)
(310302, 638, 1)
(310291, 638, 1)
(310518, 638, 1)
(324734, 667, 1)
(324740, 667, 1)
(325087, 668, 1)
(325103, 668, 1)
(329345, 677, 1)
(329436, 677, 1)
(329680, 677, 1)
(329779, 677, 1)
(329802, 678, 1)
(330031, 678, 1)
(330042, 678, 1)
(330180, 678, 1)
(342823, 705, 1)
(342884, 705, 1)
(343286, 705, 1)
(387919, 797, 1)
(387947, 797, 1)
(387988, 797, 1)
(388117, 797, 1)
(388138, 797, 1)
(388171, 797, 1)
(389772, 801, 1)
(389830, 801, 1)
(389895, 801, 1)
(389942, 801, 1)
(389956, 801, 1)
(390128, 801, 1)
(456120, 937, 1)
(456138, 937, 1)
(456159, 937, 1)
(456421, 938, 1)
(456565, 938, 1)
(456643, 938, 1)
(459801, 945, 1)
(460162, 946, 1)
(460362, 946, 1)
(460381, 946, 1)
(460402, 946, 1)
(540814, 1111, 1)
(540823, 1111, 1)
(540866, 1111, 1)
(541081, 1112, 1)
(541243, 1112, 1)
(541320, 1112, 1)
(546711, 1123, 1)
(546724, 1123, 1)
(575606, 1183, 1)
(575649, 1183, 1)
(575703, 1183, 1)
(576144, 1184, 1)
(576231, 1184, 1)
(576330, 1184, 1)
(577505, 1187, 1)
(577527, 1187, 1)
(577739, 1187, 1)
(601217, 1235, 1)
(601509, 1236, 1)
(601827, 1236, 1)
(15778, 33, 1)
(15817, 33, 1)
(15843, 33, 1)
(15883, 33, 1)
(16339, 34, 1)
(16630, 34, 1)
(82009, 169, 1)
(82114, 169, 1)
(82275, 169, 1)
(82319, 169, 1)
(83095, 171, 1)
(83422, 172, 1)
(83492, 172, 1)
(83743, 172, 1)
(83763, 172, 1)
(83876, 172, 1)
(89046, 183, 1)
(89173, 183, 1)
(89582, 184, 1)
(89750, 184, 1)
(90611, 187, 1)
(90748, 187, 1)
(90983, 187, 1)
(91115, 188, 1)
(91126, 188, 1)
(91127, 188, 1)
(144007, 296, 1)
(229940, 473, 1)
(230297, 473, 1)
(230342, 473, 1)
(230404, 473, 1)
(230638, 474, 1)
(230860, 474, 1)
(194867, 401, 1)
(194947, 401, 1)
(195055, 401, 1)
(204833, 421, 1)
(204889, 421, 1)
(204977, 421, 1)
(204987, 421, 1)
(205063, 421, 1)
(205139, 422, 1)
(205180, 422, 1)
(205472, 422, 1)
(221123, 455, 1)
(221485, 455, 1)
(221614, 456, 1)
(221777, 456, 1)
(221911, 456, 1)
(221949, 456, 1)
(221964, 456, 1)
(222020, 456, 1)
(222064, 456, 1)
(229253, 471, 1)
(229742, 472, 1)
(298635, 614, 1)
(299040, 614, 1)
(299056, 614, 1)
(604844, 1243, 1)
(605030, 1243, 1)
(605132, 1243, 1)
(605226, 1244, 1)
(605497, 1244, 1)
(605524, 1244, 1)
(605941, 1245, 1)
(610714, 1255, 1)
(610843, 1255, 1)
(610855, 1255, 1)
(611170, 1256, 1)
(611460, 1256, 1)
(611456, 1256, 1)
(28261, 58, 1)
(28380, 58, 1)
(28394, 58, 1)
(547269, 1125, 1)
(547767, 1126, 1)
(547802, 1126, 1)
(547875, 1126, 1)
(547884, 1126, 1)
(548096, 1126, 1)
(548121, 1126, 1)
(548198, 1126, 1)
(30750, 64, 1)
(30833, 64, 1)
(30994, 64, 1)
(31138, 64, 1)
(59763, 123, 1)
(59853, 123, 1)
(59989, 123, 1)
(60087, 124, 1)
(32398, 67, 1)
(32468, 67, 1)
(32475, 67, 1)
(32699, 68, 1)
(32734, 68, 1)
(33037, 68, 1)
(48135, 99, 1)
(48260, 99, 1)
(168594, 347, 1)
(168765, 347, 1)
(168966, 347, 1)
(169038, 347, 1)
(169058, 348, 1)
(169158, 348, 1)
(169324, 348, 1)
(165576, 340, 1)
(165842, 341, 1)
(166026, 341, 1)
(166093, 341, 1)
(166136, 342, 1)
(166363, 342, 1)
(166461, 342, 1)
(176531, 363, 1)
(176796, 363, 1)
(176820, 363, 1)
(176963, 364, 1)
(176962, 364, 1)
(176985, 364, 1)
(177181, 364, 1)
(177205, 364, 1)
(241721, 497, 1)
(241750, 497, 1)
(210668, 433, 1)
(210793, 433, 1)
(210955, 433, 1)
(257192, 529, 1)
(257196, 529, 1)
(257344, 529, 1)
(257553, 529, 1)
(257596, 529, 1)
(257691, 530, 1)
(257967, 530, 1)
(219155, 451, 1)
(219366, 451, 1)
(219498, 451, 1)
(219511, 451, 1)
(219507, 451, 1)
(219968, 452, 1)
(228039, 469, 1)
(228124, 469, 1)
(228152, 469, 1)
(294308, 605, 1)
(294333, 605, 1)
(294344, 605, 1)
(294522, 605, 1)
(294648, 605, 1)
(295082, 606, 1)
(295171, 606, 1)
(301086, 619, 1)
(301150, 619, 1)
(301293, 619, 1)
(301409, 619, 1)
(301518, 619, 1)
(301558, 620, 1)
(301621, 620, 1)
(606228, 1246, 1)
(606505, 1246, 1)
(606649, 1247, 1)
(606652, 1247, 1)
(607237, 1248, 1)
(607541, 1248, 1)
(607729, 1249, 1)
(607776, 1249, 1)
(607959, 1249, 1)
(608100, 1249, 1)
(608094, 1249, 1)
(608357, 1250, 1)
(608404, 1250, 1)
(608450, 1250, 1)
(608762, 1251, 1)
(609050, 1251, 1)
(609200, 1252, 1)
(609303, 1252, 1)
(609343, 1252, 1)
(609436, 1252, 1)
(609560, 1252, 1)
(609788, 1253, 1)
(609829, 1253, 1)
(610146, 1254, 1)
(610279, 1254, 1)
(29010, 60, 1)
(29032, 60, 1)
(29016, 60, 1)
(29040, 60, 1)
(29299, 60, 1)
(39172, 81, 1)
(39396, 81, 1)
(39413, 81, 1)
(39724, 82, 1)
(39755, 82, 1)
(39779, 82, 1)
(42150, 87, 1)
(42217, 87, 1)
(42276, 87, 1)
(42304, 87, 1)
(42293, 87, 1)
(42326, 87, 1)
(42626, 88, 1)
(51793, 107, 1)
(52183, 107, 1)
(52294, 108, 1)
(52305, 108, 1)
(52393, 108, 1)
(52567, 108, 1)
(52604, 108, 1)
(52724, 108, 1)
(186057, 383, 1)
(186339, 383, 1)
(186445, 383, 1)
(186550, 384, 1)
(186651, 384, 1)
(186682, 384, 1)
(186926, 384, 1)
(190208, 391, 1)
(304038, 625, 1)
(304146, 625, 1)
(304352, 626, 1)
(304441, 626, 1)
(304790, 626, 1)
(312008, 641, 1)
(312031, 641, 1)
(312086, 641, 1)
(330457, 679, 1)
(330762, 680, 1)
(330806, 680, 1)
(332052, 683, 1)
(332068, 683, 1)
(332207, 683, 1)
(332309, 683, 1)
(332349, 683, 1)
(332350, 683, 1)
(400342, 823, 1)
(400479, 823, 1)
(400515, 823, 1)
(400532, 823, 1)
(400604, 823, 1)
(400770, 824, 1)
(400885, 824, 1)
(401104, 824, 1)
(487675, 1002, 1)
(487812, 1002, 1)
(487840, 1002, 1)
(487836, 1002, 1)
(487953, 1003, 1)
(488016, 1003, 1)
(488127, 1003, 1)
(488367, 1004, 1)
(488399, 1004, 1)
(488666, 1004, 1)
(574514, 1181, 1)
(574559, 1181, 1)
(574859, 1181, 1)
(575339, 1182, 1)
(576583, 1185, 1)
(577140, 1186, 1)
(577242, 1186, 1)
(577336, 1186, 1)
(577398, 1186, 1)
(41073, 85, 1)
(41174, 85, 1)
(41270, 85, 1)
(41506, 86, 1)
(41564, 86, 1)
(41631, 86, 1)
(41733, 86, 1)
(41862, 86, 1)
(41892, 86, 1)
(47464, 98, 1)
(47486, 98, 1)
(47796, 98, 1)
(98438, 203, 1)
(98548, 203, 1)
(98571, 203, 1)
(98948, 204, 1)
(99082, 204, 1)
(99196, 204, 1)
(99194, 204, 1)
(100766, 207, 1)
(100886, 208, 1)
(100885, 208, 1)
(100896, 208, 1)
(101128, 208, 1)
(101126, 208, 1)
(101259, 208, 1)
(101292, 208, 1)
(439057, 902, 1)
(439084, 902, 1)
(439600, 903, 1)
(439674, 903, 1)
(439746, 904, 1)
(439919, 904, 1)
(440081, 904, 1)
(440157, 904, 1)
(440229, 904, 1)
(442239, 909, 1)
(442286, 909, 1)
(442327, 909, 1)
(442358, 909, 1)
(442373, 909, 1)
(442496, 909, 1)
(442529, 909, 1)
(442612, 909, 1)
(442822, 910, 1)
(442818, 910, 1)
(442940, 910, 1)
(443041, 910, 1)
(443281, 911, 1)
(443296, 911, 1)
(443592, 911, 1)
(443647, 911, 1)
(443681, 912, 1)
(443686, 912, 1)
(494206, 1015, 1)
(494371, 1016, 1)
(494457, 1016, 1)
(494479, 1016, 1)
(494592, 1016, 1)
(494597, 1016, 1)
(505537, 1039, 1)
(505653, 1039, 1)
(506226, 1040, 1)
(506480, 1040, 1)
(511515, 1051, 1)
(511511, 1051, 1)
(511623, 1051, 1)
(511663, 1051, 1)
(511909, 1052, 1)
(511918, 1052, 1)
(511971, 1052, 1)
(512089, 1052, 1)
(512265, 1052, 1)
(512386, 1053, 1)
(512815, 1053, 1)
(512830, 1053, 1)
(513063, 1054, 1)
(587245, 1207, 1)
(587288, 1207, 1)
(587408, 1207, 1)
(587427, 1207, 1)
(587413, 1207, 1)
(587516, 1207, 1)
(587567, 1207, 1)
(589655, 1211, 1)
(589828, 1212, 1)
(589904, 1212, 1)
(590536, 1213, 1)
(590550, 1213, 1)
(590937, 1214, 1)
(595289, 1223, 1)
(595338, 1223, 1)
(595424, 1223, 1)
(595534, 1223, 1)
(595618, 1224, 1)
(595971, 1224, 1)
(53723, 111, 1)
(54145, 111, 1)
(54334, 112, 1)
(56683, 117, 1)
(56700, 117, 1)
(56761, 117, 1)
(57265, 118, 1)
(57418, 118, 1)
(57441, 118, 1)
(207740, 427, 1)
(207957, 427, 1)
(208530, 428, 1)
(291290, 599, 1)
(291296, 599, 1)
(291332, 599, 1)
(291554, 599, 1)
(291591, 599, 1)
(291687, 599, 1)
(291797, 600, 1)
(292058, 600, 1)
(292097, 600, 1)
(209754, 431, 1)
(209815, 431, 1)
(209880, 431, 1)
(210505, 432, 1)
(299243, 615, 1)
(299423, 615, 1)
(299500, 615, 1)
(299546, 615, 1)
(304985, 627, 1)
(305409, 628, 1)
(305374, 628, 1)
(310719, 639, 1)
(310720, 639, 1)
(310959, 639, 1)
(311055, 639, 1)
(311151, 639, 1)
(311189, 640, 1)
(311592, 640, 1)
(322645, 663, 1)
(322803, 663, 1)
(322853, 663, 1)
(323060, 664, 1)
(323203, 664, 1)
(323318, 664, 1)
(323393, 664, 1)
(359489, 739, 1)
(359753, 739, 1)
(359838, 739, 1)
(359921, 739, 1)
(346758, 713, 1)
(346812, 713, 1)
(346818, 713, 1)
(347197, 713, 1)
(347295, 714, 1)
(347309, 714, 1)
(347454, 714, 1)
(347749, 715, 1)
(347850, 715, 1)
(347936, 715, 1)
(347935, 715, 1)
(347990, 715, 1)
(347998, 715, 1)
(348198, 715, 1)
(348617, 716, 1)
(403378, 829, 1)
(403487, 829, 1)
(403594, 829, 1)
(403846, 830, 1)
(403884, 830, 1)
(403915, 830, 1)
(404013, 830, 1)
(404121, 830, 1)
(405205, 833, 1)
(405217, 833, 1)
(405370, 833, 1)
(417520, 858, 1)
(417567, 858, 1)
(417639, 858, 1)
(426871, 877, 1)
(426939, 877, 1)
(427175, 878, 1)
(427230, 878, 1)
(427293, 878, 1)
(522087, 1073, 1)
(522204, 1073, 1)
(527087, 1083, 1)
(527188, 1083, 1)
(591162, 1215, 1)
(591156, 1215, 1)
(591175, 1215, 1)
(591314, 1215, 1)
(591425, 1215, 1)
(591433, 1215, 1)
(591572, 1215, 1)
(591618, 1215, 1)
(591676, 1216, 1)
(591987, 1216, 1)
(593328, 1219, 1)
(593390, 1219, 1)
(593586, 1219, 1)
(593701, 1220, 1)
(593733, 1220, 1)
(118182, 243, 1)
(118225, 243, 1)
(118289, 243, 1)
(118316, 243, 1)
(118800, 244, 1)
(119049, 245, 1)
(119082, 245, 1)
(119568, 246, 1)
(119579, 246, 1)
(119857, 246, 1)
(119897, 246, 1)
(119941, 246, 1)
(284462, 585, 1)
(284464, 585, 1)
(284550, 585, 1)
(284607, 585, 1)
(284826, 585, 1)
(284960, 586, 1)
(285013, 586, 1)
(285034, 586, 1)
(285364, 586, 1)
(287358, 591, 1)
(287572, 591, 1)
(287906, 592, 1)
(326438, 671, 1)
(326479, 671, 1)
(326529, 671, 1)
(326666, 671, 1)
(326924, 672, 1)
(326937, 672, 1)
(327038, 672, 1)
(327090, 672, 1)
(327137, 672, 1)
(383113, 787, 1)
(383372, 788, 1)
(383650, 788, 1)
(383711, 788, 1)
(383752, 788, 1)
(331268, 681, 1)
(331552, 681, 1)
(331779, 682, 1)
(331916, 682, 1)
(332005, 682, 1)
(396400, 815, 1)
(396574, 815, 1)
(396916, 816, 1)
(396925, 816, 1)
(397253, 816, 1)
(334202, 687, 1)
(334257, 687, 1)
(334354, 687, 1)
(334397, 687, 1)
(334426, 687, 1)
(334616, 688, 1)
(334627, 688, 1)
(334655, 688, 1)
(334897, 688, 1)
(342085, 703, 1)
(342248, 703, 1)
(342324, 703, 1)
(342336, 704, 1)
(342501, 704, 1)
(342607, 704, 1)
(342767, 704, 1)
(341357, 702, 1)
(341432, 702, 1)
(341468, 702, 1)
(341574, 702, 1)
(341729, 702, 1)
(341780, 702, 1)
(341767, 702, 1)
(501614, 1031, 1)
(501703, 1031, 1)
(501912, 1031, 1)
(501922, 1031, 1)
(502119, 1032, 1)
(373081, 767, 1)
(373123, 767, 1)
(373164, 767, 1)
(373217, 767, 1)
(373249, 767, 1)
(373437, 767, 1)
(373585, 768, 1)
(373604, 768, 1)
(373673, 768, 1)
(373899, 768, 1)
(373971, 768, 1)
(381111, 783, 1)
(381164, 783, 1)
(381232, 783, 1)
(381324, 783, 1)
(381392, 784, 1)
(381549, 784, 1)
(384913, 791, 1)
(384925, 791, 1)
(384970, 791, 1)
(384994, 791, 1)
(385333, 792, 1)
(385348, 792, 1)
(431565, 887, 1)
(431571, 887, 1)
(431620, 887, 1)
(431647, 887, 1)
(431743, 887, 1)
(432073, 888, 1)
(432386, 888, 1)
(433421, 891, 1)
(433533, 891, 1)
(433545, 891, 1)
(433604, 891, 1)
(433838, 891, 1)
(495215, 1018, 1)
(495644, 1018, 1)
(497670, 1023, 1)
(497690, 1023, 1)
(497732, 1023, 1)
(497761, 1023, 1)
(498446, 1024, 1)
(498510, 1024, 1)
(498563, 1024, 1)
(540288, 1110, 1)
(554143, 1139, 1)
(554186, 1139, 1)
(554505, 1139, 1)
(554510, 1139, 1)
(554573, 1139, 1)
(554730, 1140, 1)
(554759, 1140, 1)
(554893, 1140, 1)
(555015, 1140, 1)
(151832, 312, 1)
(153139, 315, 1)
(153215, 315, 1)
(153248, 315, 1)
(153279, 315, 1)
(153298, 315, 1)
(153402, 316, 1)
(153482, 316, 1)
(153572, 316, 1)
(153861, 316, 1)
(182101, 375, 1)
(182184, 375, 1)
(182367, 375, 1)
(182382, 375, 1)
(182636, 376, 1)
(182640, 376, 1)
(182738, 376, 1)
(182724, 376, 1)
(182934, 376, 1)
(182992, 376, 1)
(182988, 376, 1)
(183037, 376, 1)
(202928, 417, 1)
(409137, 841, 1)
(409460, 841, 1)
(409496, 841, 1)
(409507, 841, 1)
(409830, 842, 1)
(409934, 842, 1)
(410035, 842, 1)
(352973, 725, 1)
(353076, 725, 1)
(353117, 726, 1)
(353507, 726, 1)
(357646, 735, 1)
(357809, 735, 1)
(357929, 735, 1)
(358344, 736, 1)
(358356, 736, 1)
(358374, 736, 1)
(362395, 745, 1)
(362407, 745, 1)
(362494, 745, 1)
(362613, 745, 1)
(362696, 745, 1)
(362840, 746, 1)
(363015, 746, 1)
(371137, 763, 1)
(371340, 763, 1)
(371707, 764, 1)
(421842, 867, 1)
(421926, 867, 1)
(422082, 867, 1)
(422294, 867, 1)
(422439, 868, 1)
(424624, 873, 1)
(425004, 873, 1)
(425076, 874, 1)
(425459, 874, 1)
(448112, 921, 1)
(448867, 922, 1)
(458792, 943, 1)
(459140, 943, 1)
(459201, 944, 1)
(459337, 944, 1)
(459502, 944, 1)
(516209, 1061, 1)
(516205, 1061, 1)
(531986, 1093, 1)
(532171, 1093, 1)
(523280, 1075, 1)
(523574, 1076, 1)
(523921, 1076, 1)
(184498, 379, 1)
(184922, 380, 1)
(195986, 403, 1)
(196072, 403, 1)
(196138, 403, 1)
(196353, 404, 1)
(196482, 404, 1)
(196637, 404, 1)
(196679, 404, 1)
(246499, 507, 1)
(246542, 507, 1)
(246767, 507, 1)
(246774, 507, 1)
(246984, 508, 1)
(247086, 508, 1)
(247210, 508, 1)
(247266, 508, 1)
(247268, 508, 1)
(266971, 549, 1)
(266974, 549, 1)
(267133, 549, 1)
(358626, 737, 1)
(358719, 737, 1)
(358902, 737, 1)
(358972, 737, 1)
(359041, 738, 1)
(361130, 742, 1)
(361149, 742, 1)
(361208, 742, 1)
(361382, 742, 1)
(364239, 749, 1)
(364636, 749, 1)
(364684, 750, 1)
(364721, 750, 1)
(364962, 750, 1)
(365089, 750, 1)
(365097, 750, 1)
(365153, 750, 1)
(368328, 757, 1)
(368416, 757, 1)
(368734, 758, 1)
(368916, 758, 1)
(369040, 758, 1)
(375077, 771, 1)
(375079, 771, 1)
(375631, 772, 1)
(375672, 772, 1)
(375768, 772, 1)
(375819, 772, 1)
(375886, 772, 1)
(420683, 864, 1)
(429781, 883, 1)
(429854, 883, 1)
(429862, 883, 1)
(429896, 883, 1)
(430064, 884, 1)
(430091, 884, 1)
(444221, 913, 1)
(444223, 913, 1)
(444513, 913, 1)
(444632, 913, 1)
(444740, 914, 1)
(444837, 914, 1)
(444901, 914, 1)
(445119, 914, 1)
(461604, 949, 1)
(461872, 949, 1)
(462121, 950, 1)
(462357, 950, 1)
(462372, 950, 1)
(464587, 955, 1)
(464752, 955, 1)
(464778, 955, 1)
(464787, 955, 1)
(464938, 955, 1)
(465392, 956, 1)
(561141, 1153, 1)
(561189, 1153, 1)
(561309, 1153, 1)
(561684, 1154, 1)
(562429, 1155, 1)
(581385, 1195, 1)
(581424, 1195, 1)
(581772, 1195, 1)
(581982, 1196, 1)
(582051, 1196, 1)
(582297, 1196, 1)
(582309, 1196, 1)
(582328, 1196, 1)
(588235, 1209, 1)
(588537, 1209, 1)
(588740, 1210, 1)
(588826, 1210, 1)
(589044, 1210, 1)
(589068, 1210, 1)
(227498, 468, 1)
(227566, 468, 1)
(227682, 468, 1)
(227891, 468, 1)
(227906, 468, 1)
(227913, 468, 1)
(234826, 483, 1)
(234880, 483, 1)
(235467, 484, 1)
(235583, 484, 1)
(235591, 484, 1)
(235616, 484, 1)
(235637, 484, 1)
(228530, 470, 1)
(228543, 470, 1)
(228601, 470, 1)
(228843, 470, 1)
(236932, 487, 1)
(236968, 487, 1)
(237015, 487, 1)
(237410, 488, 1)
(237418, 488, 1)
(237434, 488, 1)
(477462, 981, 1)
(477685, 981, 1)
(478043, 982, 1)
(483075, 993, 1)
(483268, 993, 1)
(483401, 993, 1)
(480337, 987, 1)
(480502, 987, 1)
(480798, 988, 1)
(480860, 988, 1)
(480972, 988, 1)
(481164, 988, 1)
(481272, 989, 1)
(481492, 989, 1)
(481516, 989, 1)
(481651, 989, 1)
(481852, 990, 1)
(481860, 990, 1)
(502712, 1033, 1)
(502830, 1033, 1)
(502877, 1033, 1)
(503356, 1034, 1)
(503692, 1035, 1)
(504339, 1036, 1)
(527375, 1084, 1)
(527458, 1084, 1)
(527550, 1084, 1)
(527720, 1084, 1)
(534755, 1099, 1)
(534813, 1099, 1)
(534993, 1099, 1)
(535223, 1100, 1)
(535322, 1100, 1)
(535710, 1101, 1)
(535757, 1101, 1)
(535762, 1101, 1)
(536153, 1101, 1)
(536266, 1102, 1)
(536293, 1102, 1)
(536401, 1102, 1)
(536511, 1102, 1)
(544544, 1119, 1)
(544604, 1119, 1)
(556163, 1143, 1)
(556386, 1143, 1)
(556648, 1144, 1)
(556668, 1144, 1)
(556740, 1144, 1)
(564336, 1159, 1)
(564354, 1159, 1)
(564519, 1160, 1)
(564632, 1160, 1)
(570925, 1173, 1)
(570963, 1173, 1)
(571354, 1174, 1)
(571506, 1174, 1)
(571659, 1174, 1)
(571857, 1175, 1)
(572185, 1175, 1)
(572570, 1176, 1)
(572596, 1176, 1)
(583581, 1199, 1)
(583664, 1199, 1)
(583744, 1199, 1)
(583815, 1200, 1)
(584244, 1200, 1)
(584279, 1200, 1)
(585681, 1203, 1)
(585799, 1204, 1)
(586061, 1204, 1)
(586407, 1205, 1)
(586469, 1205, 1)
(586639, 1205, 1)
(586685, 1205, 1)
(10959, 23, 1)
(11178, 23, 1)
(11223, 23, 1)
(11320, 24, 1)
(11375, 24, 1)
(11551, 24, 1)
(11689, 24, 1)
(20743, 43, 1)
(20746, 43, 1)
(20792, 43, 1)
(20815, 43, 1)
(21067, 43, 1)
(21518, 44, 1)
(21559, 44, 1)
(31290, 65, 1)
(31313, 65, 1)
(31360, 65, 1)
(31562, 65, 1)
(31822, 66, 1)
(32013, 66, 1)
(36076, 75, 1)
(36165, 75, 1)
(36205, 75, 1)
(36440, 75, 1)
(36485, 75, 1)
(36506, 75, 1)
(36550, 75, 1)
(36833, 76, 1)
(36924, 76, 1)
(37035, 76, 1)
(37239, 77, 1)
(37325, 77, 1)
(37375, 77, 1)
(37474, 77, 1)
(37677, 78, 1)
(37889, 78, 1)
(37899, 78, 1)
(37974, 78, 1)
(158966, 327, 1)
(158973, 327, 1)
(159194, 327, 1)
(159229, 327, 1)
(159248, 327, 1)
(38030, 79, 1)
(38244, 79, 1)
(38251, 79, 1)
(38516, 80, 1)
(38572, 80, 1)
(38669, 80, 1)
(38856, 80, 1)
(38906, 80, 1)
(40110, 83, 1)
(40209, 83, 1)
(40454, 83, 1)
(40564, 84, 1)
(46436, 96, 1)
(46794, 96, 1)
(171547, 353, 1)
(171579, 353, 1)
(171698, 353, 1)
(171744, 353, 1)
(171751, 353, 1)
(171807, 353, 1)
(172023, 354, 1)
(172282, 354, 1)
(172300, 354, 1)
(49044, 101, 1)
(49582, 102, 1)
(49725, 102, 1)
(49746, 102, 1)
(51061, 105, 1)
(51291, 106, 1)
(51371, 106, 1)
(51386, 106, 1)
(51494, 106, 1)
(151977, 313, 1)
(151999, 313, 1)
(152225, 313, 1)
(152258, 313, 1)
(152268, 313, 1)
(152381, 313, 1)
(152402, 314, 1)
(152510, 314, 1)
(152587, 314, 1)
(152685, 314, 1)
(152743, 314, 1)
(203845, 419, 1)
(203959, 419, 1)
(204088, 419, 1)
(204360, 420, 1)
(204623, 420, 1)
(174968, 360, 1)
(175112, 360, 1)
(175179, 360, 1)
(175324, 360, 1)
(176099, 362, 1)
(176264, 362, 1)
(178439, 367, 1)
(179219, 368, 1)
(185212, 381, 1)
(185318, 381, 1)
(185416, 381, 1)
(185462, 381, 1)
(185480, 381, 1)
(194025, 399, 1)
(194045, 399, 1)
(194405, 400, 1)
(194435, 400, 1)
(194525, 400, 1)
(243485, 501, 1)
(243620, 501, 1)
(243871, 501, 1)
(244388, 502, 1)
(256473, 527, 1)
(256540, 527, 1)
(256605, 527, 1)
(253355, 521, 1)
(253502, 521, 1)
(253500, 521, 1)
(253771, 522, 1)
(268153, 551, 1)
(260637, 536, 1)
(260675, 536, 1)
(260879, 536, 1)
(270911, 557, 1)
(270976, 557, 1)
(271205, 557, 1)
(271346, 557, 1)
(280074, 576, 1)
(280113, 576, 1)
(280119, 576, 1)
(280252, 576, 1)
(280287, 576, 1)
(280322, 576, 1)
(280467, 576, 1)
(289355, 595, 1)
(289364, 595, 1)
(289492, 595, 1)
(289603, 595, 1)
(289727, 595, 1)
(290086, 596, 1)
(290164, 596, 1)
(518583, 1066, 1)
(518773, 1066, 1)
(518908, 1066, 1)
(530915, 1091, 1)
(33313, 69, 1)
(33395, 69, 1)
(33596, 69, 1)
(33784, 70, 1)
(33975, 70, 1)
(34075, 70, 1)
(35167, 73, 1)
(35541, 73, 1)
(34241, 71, 1)
(34351, 71, 1)
(34464, 71, 1)
(34608, 72, 1)
(34629, 72, 1)
(34736, 72, 1)
(49986, 103, 1)
(50228, 103, 1)
(88336, 182, 1)
(88342, 182, 1)
(88488, 182, 1)
(88684, 182, 1)
(88693, 182, 1)
(88747, 182, 1)
(88769, 182, 1)
(93497, 193, 1)
(93747, 193, 1)
(93771, 193, 1)
(93862, 193, 1)
(93992, 194, 1)
(94237, 194, 1)
(94263, 194, 1)
(94278, 194, 1)
(155982, 321, 1)
(156316, 322, 1)
(156695, 322, 1)
(156700, 322, 1)
(156799, 322, 1)
(169614, 349, 1)
(169749, 349, 1)
(169922, 349, 1)
(162231, 334, 1)
(162250, 334, 1)
(162360, 334, 1)
(162452, 334, 1)
(162539, 334, 1)
(162648, 334, 1)
(167664, 345, 1)
(167832, 345, 1)
(167926, 345, 1)
(168132, 346, 1)
(168249, 346, 1)
(168274, 346, 1)
(168374, 346, 1)
(168375, 346, 1)
(168530, 346, 1)
(197244, 405, 1)
(197415, 406, 1)
(197532, 406, 1)
(197680, 406, 1)
(197692, 406, 1)
(198938, 409, 1)
(199080, 409, 1)
(199323, 410, 1)
(199448, 410, 1)
(199452, 410, 1)
(199466, 410, 1)
(199494, 410, 1)
(199520, 410, 1)
(199666, 410, 1)
(200951, 413, 1)
(201176, 413, 1)
(201347, 414, 1)
(201375, 414, 1)
(201403, 414, 1)
(201614, 414, 1)
(275639, 567, 1)
(275900, 567, 1)
(275919, 567, 1)
(276321, 568, 1)
(276541, 568, 1)
(280704, 577, 1)
(280831, 577, 1)
(281063, 578, 1)
(281199, 578, 1)
(281368, 578, 1)
(281480, 579, 1)
(281823, 579, 1)
(282271, 580, 1)
(282377, 580, 1)
(282523, 581, 1)
(282554, 581, 1)
(282742, 581, 1)
(321050, 660, 1)
(321340, 660, 1)
(328322, 675, 1)
(328346, 675, 1)
(328394, 675, 1)
(328635, 675, 1)
(328655, 675, 1)
(328909, 676, 1)
(328899, 676, 1)
(329095, 676, 1)
(329283, 676, 1)
(456698, 939, 1)
(456749, 939, 1)
(456975, 939, 1)
(457096, 939, 1)
(457498, 940, 1)
(457518, 940, 1)
(473714, 973, 1)
(473746, 973, 1)
(473850, 974, 1)
(474136, 974, 1)
(474147, 974, 1)
(474238, 974, 1)
(506540, 1041, 1)
(506644, 1041, 1)
(506796, 1041, 1)
(546765, 1124, 1)
(546839, 1124, 1)
(546885, 1124, 1)
(546998, 1124, 1)
(548499, 1127, 1)
(548611, 1127, 1)
(548846, 1128, 1)
(548965, 1128, 1)
(548988, 1128, 1)
(549069, 1128, 1)
(45103, 93, 1)
(45371, 93, 1)
(45774, 94, 1)
(45867, 95, 1)
(45963, 95, 1)
(46121, 95, 1)
(46179, 95, 1)
(46288, 95, 1)
(58691, 121, 1)
(58827, 121, 1)
(59166, 122, 1)
(59315, 122, 1)
(166693, 343, 1)
(166825, 343, 1)
(166854, 343, 1)
(166907, 343, 1)
(167091, 343, 1)
(167183, 344, 1)
(167567, 344, 1)
(77183, 159, 1)
(77255, 159, 1)
(77319, 159, 1)
(77553, 160, 1)
(77648, 160, 1)
(77817, 160, 1)
(77837, 160, 1)
(78204, 161, 1)
(78336, 161, 1)
(177421, 365, 1)
(177811, 365, 1)
(178096, 366, 1)
(178163, 366, 1)
(178214, 366, 1)
(181350, 373, 1)
(181506, 373, 1)
(181618, 374, 1)
(181640, 374, 1)
(181771, 374, 1)
(181855, 374, 1)
(182024, 374, 1)
(205620, 423, 1)
(205781, 423, 1)
(205905, 423, 1)
(206148, 424, 1)
(206304, 424, 1)
(206400, 424, 1)
(206556, 424, 1)
(206559, 424, 1)
(206571, 424, 1)
(248355, 511, 1)
(248798, 511, 1)
(249100, 512, 1)
(249185, 512, 1)
(223060, 459, 1)
(223086, 459, 1)
(223413, 459, 1)
(223644, 460, 1)
(223733, 460, 1)
(223739, 460, 1)
(223964, 460, 1)
(233906, 481, 1)
(233927, 481, 1)
(233943, 481, 1)
(234123, 481, 1)
(234268, 481, 1)
(254238, 523, 1)
(254668, 523, 1)
(254754, 524, 1)
(254838, 524, 1)
(254874, 524, 1)
(254922, 524, 1)
(254928, 524, 1)
(265008, 545, 1)
(265200, 545, 1)
(265216, 545, 1)
(265376, 545, 1)
(265713, 546, 1)
(264224, 543, 1)
(264367, 543, 1)
(264588, 544, 1)
(264706, 544, 1)
(264811, 544, 1)
(266318, 547, 1)
(266468, 547, 1)
(266583, 548, 1)
(266670, 548, 1)
(272681, 561, 1)
(272691, 561, 1)
(273227, 562, 1)
(273506, 562, 1)
(273534, 562, 1)
(285484, 587, 1)
(285507, 587, 1)
(285599, 587, 1)
(285661, 587, 1)
(282969, 582, 1)
(282973, 582, 1)
(283117, 582, 1)
(283122, 582, 1)
(283146, 582, 1)
(286651, 589, 1)
(286767, 589, 1)
(286984, 590, 1)
(317874, 653, 1)
(317880, 653, 1)
(317950, 653, 1)
(318134, 654, 1)
(320888, 659, 1)
(320947, 659, 1)
(319986, 658, 1)
(320074, 658, 1)
(320138, 658, 1)
(320232, 658, 1)
(320253, 658, 1)
(320331, 658, 1)
(395616, 813, 1)
(395871, 814, 1)
(395889, 814, 1)
(395956, 814, 1)
(396030, 814, 1)
(396109, 814, 1)
(417922, 859, 1)
(417965, 859, 1)
(418130, 859, 1)
(418269, 859, 1)
(418320, 859, 1)
(418333, 859, 1)
(418367, 859, 1)
(418438, 860, 1)
(418679, 860, 1)
(418699, 860, 1)
(418832, 860, 1)
(419857, 863, 1)
(420167, 863, 1)
(423130, 870, 1)
(423173, 870, 1)
(423333, 870, 1)
(425775, 875, 1)
(426102, 876, 1)
(426219, 876, 1)
(450608, 926, 1)
(450710, 926, 1)
(457975, 941, 1)
(458076, 941, 1)
(458193, 942, 1)
(458263, 942, 1)
(458616, 942, 1)
(65445, 135, 1)
(65671, 135, 1)
(65710, 135, 1)
(65794, 136, 1)
(65797, 136, 1)
(65831, 136, 1)
(65878, 136, 1)
(65965, 136, 1)
(66003, 136, 1)
(66073, 136, 1)
(66111, 136, 1)
(66178, 136, 1)
(66226, 136, 1)
(73396, 151, 1)
(73492, 151, 1)
(73653, 152, 1)
(73829, 152, 1)
(74030, 152, 1)
(71298, 147, 1)
(71316, 147, 1)
(71358, 147, 1)
(71523, 147, 1)
(71673, 148, 1)
(74094, 153, 1)
(74284, 153, 1)
(74533, 153, 1)
(74659, 154, 1)
(74763, 154, 1)
(74875, 154, 1)
(75020, 154, 1)
(75053, 154, 1)
(81567, 168, 1)
(81597, 168, 1)
(110181, 227, 1)
(110255, 227, 1)
(110277, 227, 1)
(110440, 227, 1)
(110861, 228, 1)
(126335, 260, 1)
(126598, 260, 1)
(214242, 441, 1)
(214299, 441, 1)
(214852, 442, 1)
(214921, 442, 1)
(130635, 269, 1)
(130800, 269, 1)
(130840, 269, 1)
(130960, 269, 1)
(131118, 270, 1)
(131154, 270, 1)
(131283, 270, 1)
(138807, 285, 1)
(138844, 285, 1)
(138942, 286, 1)
(139154, 286, 1)
(134387, 276, 1)
(135510, 279, 1)
(135752, 279, 1)
(136027, 280, 1)
(144379, 297, 1)
(144654, 297, 1)
(144815, 298, 1)
(144863, 298, 1)
(144853, 298, 1)
(144872, 298, 1)
(145063, 298, 1)
(148207, 305, 1)
(148253, 305, 1)
(148262, 305, 1)
(148401, 305, 1)
(148624, 305, 1)
(149131, 306, 1)
(212283, 437, 1)
(212392, 437, 1)
(212608, 437, 1)
(222134, 457, 1)
(222166, 457, 1)
(222265, 457, 1)
(222511, 457, 1)
(222635, 458, 1)
(222766, 458, 1)
(222894, 458, 1)
(224226, 461, 1)
(224266, 461, 1)
(224312, 461, 1)
(224721, 462, 1)
(225119, 463, 1)
(225127, 463, 1)
(225280, 463, 1)
(225307, 463, 1)
(240260, 494, 1)
(240420, 494, 1)
(240441, 494, 1)
(240630, 494, 1)
(604088, 1241, 1)
(604104, 1241, 1)
(604152, 1241, 1)
(604319, 1242, 1)
(604427, 1242, 1)
(604540, 1242, 1)
(94722, 195, 1)
(95005, 196, 1)
(95444, 196, 1)
(153992, 317, 1)
(154000, 317, 1)
(154022, 317, 1)
(154210, 317, 1)
(154413, 318, 1)
(154472, 318, 1)
(154557, 318, 1)
(187079, 385, 1)
(187252, 385, 1)
(187292, 385, 1)
(187315, 385, 1)
(187470, 385, 1)
(158174, 325, 1)
(158244, 325, 1)
(158256, 325, 1)
(158268, 325, 1)
(158255, 325, 1)
(158464, 326, 1)
(158667, 326, 1)
(158729, 326, 1)
(161823, 333, 1)
(162054, 333, 1)
(162103, 333, 1)
(162117, 333, 1)
(162713, 335, 1)
(162757, 335, 1)
(162790, 335, 1)
(162813, 335, 1)
(162896, 335, 1)
(162979, 335, 1)
(163381, 336, 1)
(164888, 339, 1)
(165096, 339, 1)
(173428, 356, 1)
(173501, 357, 1)
(173568, 357, 1)
(173980, 358, 1)
(180361, 371, 1)
(180455, 371, 1)
(180530, 371, 1)
(180759, 371, 1)
(180778, 371, 1)
(180831, 372, 1)
(189138, 389, 1)
(189665, 390, 1)
(189742, 390, 1)
(190434, 392, 1)
(190500, 392, 1)
(190516, 392, 1)
(190651, 392, 1)
(191419, 394, 1)
(191610, 394, 1)
(191783, 394, 1)
(191797, 394, 1)
(203279, 418, 1)
(203287, 418, 1)
(203370, 418, 1)
(203432, 418, 1)
(278928, 573, 1)
(279035, 574, 1)
(279157, 574, 1)
(279162, 574, 1)
(279161, 574, 1)
(279251, 574, 1)
(225999, 465, 1)
(226174, 465, 1)
(226354, 465, 1)
(226413, 465, 1)
(226528, 466, 1)
(226744, 466, 1)
(227009, 467, 1)
(227046, 467, 1)
(227194, 467, 1)
(227212, 467, 1)
(227442, 467, 1)
(232920, 479, 1)
(232959, 479, 1)
(233113, 479, 1)
(233219, 479, 1)
(233260, 479, 1)
(233691, 480, 1)
(233705, 480, 1)
(269034, 553, 1)
(269245, 553, 1)
(269358, 553, 1)
(269593, 554, 1)
(269817, 554, 1)
(288977, 594, 1)
(289051, 594, 1)
(289244, 594, 1)
(292387, 601, 1)
(292761, 602, 1)
(293021, 602, 1)
(293106, 602, 1)
(293182, 602, 1)
(508455, 1045, 1)
(508538, 1045, 1)
(508582, 1045, 1)
(508581, 1045, 1)
(508883, 1045, 1)
(508903, 1045, 1)
(508904, 1045, 1)
(508980, 1046, 1)
(509168, 1046, 1)
(509236, 1046, 1)
(509390, 1046, 1)
(509409, 1046, 1)
(159593, 328, 1)
(188835, 388, 1)
(197796, 407, 1)
(197823, 407, 1)
(197825, 407, 1)
(197916, 407, 1)
(198188, 407, 1)
(198490, 408, 1)
(199996, 411, 1)
(200100, 411, 1)
(200133, 411, 1)
(305825, 629, 1)
(306419, 630, 1)
(306618, 630, 1)
(339936, 699, 1)
(340207, 699, 1)
(340609, 700, 1)
(308081, 633, 1)
(308094, 633, 1)
(308492, 634, 1)
(308549, 634, 1)
(308619, 634, 1)
(308725, 635, 1)
(308880, 635, 1)
(308912, 635, 1)
(308977, 635, 1)
(376026, 773, 1)
(376152, 773, 1)
(376138, 773, 1)
(376198, 773, 1)
(376351, 773, 1)
(376402, 773, 1)
(376449, 774, 1)
(376538, 774, 1)
(376556, 774, 1)
(376587, 774, 1)
(376569, 774, 1)
(376673, 774, 1)
(376839, 774, 1)
(376897, 774, 1)
(377904, 777, 1)
(390238, 802, 1)
(392444, 807, 1)
(392637, 807, 1)
(392805, 807, 1)
(393315, 808, 1)
(393356, 808, 1)
(412078, 847, 1)
(412108, 847, 1)
(412151, 847, 1)
(412304, 847, 1)
(412691, 848, 1)
(412941, 848, 1)
(412971, 848, 1)
(422603, 869, 1)
(422826, 869, 1)
(422948, 869, 1)
(465602, 957, 1)
(465635, 957, 1)
(465760, 957, 1)
(465854, 957, 1)
(466203, 958, 1)
(498754, 1025, 1)
(498843, 1025, 1)
(498987, 1025, 1)
(499084, 1025, 1)
(499326, 1026, 1)
(499341, 1026, 1)
(499377, 1026, 1)
(499463, 1026, 1)
(499482, 1026, 1)
(499516, 1026, 1)
(541701, 1113, 1)
(541820, 1113, 1)
(542130, 1114, 1)
(542444, 1114, 1)
(542548, 1115, 1)
(542585, 1115, 1)
(543082, 1116, 1)
(549215, 1129, 1)
(549740, 1130, 1)
(549741, 1130, 1)
(550062, 1130, 1)
(550148, 1130, 1)
(552733, 1136, 1)
(552809, 1136, 1)
(552938, 1136, 1)
(553105, 1136, 1)
(578456, 1189, 1)
(578560, 1189, 1)
(578652, 1189, 1)
(578717, 1189, 1)
(578831, 1189, 1)
(578841, 1189, 1)
(579155, 1190, 1)
(579367, 1190, 1)
(580489, 1193, 1)
(580563, 1193, 1)
(580548, 1193, 1)
(580639, 1193, 1)
(580797, 1193, 1)
(580858, 1193, 1)
(580861, 1193, 1)
(594108, 1221, 1)
(594414, 1221, 1)
(594428, 1221, 1)
(594834, 1222, 1)
(594953, 1222, 1)
(595063, 1222, 1)
(600105, 1233, 1)
(600159, 1233, 1)
(600194, 1233, 1)
(600345, 1233, 1)
(201838, 415, 1)
(201843, 415, 1)
(201976, 415, 1)
(202235, 416, 1)
(202280, 416, 1)
(202519, 416, 1)
(202635, 416, 1)
(242468, 499, 1)
(242506, 499, 1)
(242648, 499, 1)
(242677, 499, 1)
(242955, 500, 1)
(243088, 500, 1)
(243138, 500, 1)
(243324, 500, 1)
(259201, 533, 1)
(259253, 533, 1)
(259356, 533, 1)
(259452, 533, 1)
(259593, 533, 1)
(259898, 534, 1)
(259918, 534, 1)
(259932, 534, 1)
(259966, 534, 1)
(261151, 537, 1)
(261528, 537, 1)
(261826, 538, 1)
(261815, 538, 1)
(261883, 538, 1)
(261992, 538, 1)
(262003, 538, 1)
(262267, 539, 1)
(262337, 539, 1)
(262528, 539, 1)
(262912, 540, 1)
(263035, 540, 1)
(279580, 575, 1)
(279657, 575, 1)
(279718, 575, 1)
(279787, 575, 1)
(279942, 575, 1)
(338938, 697, 1)
(339077, 697, 1)
(339673, 698, 1)
(339717, 698, 1)
(339863, 698, 1)
(345762, 711, 1)
(345789, 711, 1)
(345810, 711, 1)
(345845, 711, 1)
(345952, 711, 1)
(346199, 711, 1)
(345358, 710, 1)
(345570, 710, 1)
(345691, 710, 1)
(354665, 729, 1)
(354890, 729, 1)
(354986, 729, 1)
(355138, 730, 1)
(355376, 730, 1)
(355413, 730, 1)
(351969, 723, 1)
(352040, 723, 1)
(352074, 723, 1)
(352161, 724, 1)
(352443, 724, 1)
(352589, 724, 1)
(355593, 731, 1)
(355726, 731, 1)
(355867, 731, 1)
(355908, 731, 1)
(355950, 731, 1)
(356204, 732, 1)
(366174, 753, 1)
(366216, 753, 1)
(366629, 753, 1)
(366633, 754, 1)
(366720, 754, 1)
(366797, 754, 1)
(366946, 754, 1)
(369139, 759, 1)
(369491, 759, 1)
(369744, 760, 1)
(369846, 760, 1)
(369911, 760, 1)
(369958, 760, 1)
(419214, 861, 1)
(419306, 861, 1)
(419635, 862, 1)
(501163, 1030, 1)
(501182, 1030, 1)
(501213, 1030, 1)
(501257, 1030, 1)
(501271, 1030, 1)
(501403, 1030, 1)
(501413, 1030, 1)
(501427, 1030, 1)
(501478, 1030, 1)
(510641, 1049, 1)
(510826, 1049, 1)
(511023, 1050, 1)
(511297, 1050, 1)
(511365, 1050, 1)
(509432, 1047, 1)
(509701, 1047, 1)
(509960, 1048, 1)
(510052, 1048, 1)
(531568, 1092, 1)
(531725, 1092, 1)
(543362, 1117, 1)
(543425, 1117, 1)
(543914, 1118, 1)
(544074, 1118, 1)
(544246, 1118, 1)
(533859, 1097, 1)
(533913, 1097, 1)
(533954, 1097, 1)
(533983, 1097, 1)
(534226, 1098, 1)
(534290, 1098, 1)
(534607, 1098, 1)
(537680, 1105, 1)
(537911, 1105, 1)
(538114, 1105, 1)
(538353, 1106, 1)
(538409, 1106, 1)
(538573, 1106, 1)
(244450, 503, 1)
(244509, 503, 1)
(244614, 503, 1)
(245082, 504, 1)
(249433, 513, 1)
(249489, 513, 1)
(249490, 513, 1)
(249702, 513, 1)
(249851, 514, 1)
(250000, 514, 1)
(250294, 514, 1)
(274619, 565, 1)
(274782, 565, 1)
(274802, 565, 1)
(274961, 565, 1)
(275075, 565, 1)
(275154, 566, 1)
(275560, 566, 1)
(276694, 569, 1)
(276717, 569, 1)
(276748, 569, 1)
(276804, 569, 1)
(276825, 569, 1)
(276849, 569, 1)
(276868, 569, 1)
(276905, 569, 1)
(277126, 570, 1)
(277283, 570, 1)
(277370, 570, 1)
(302448, 622, 1)
(302671, 622, 1)
(313774, 645, 1)
(313969, 645, 1)
(314009, 645, 1)
(314356, 646, 1)
(314409, 646, 1)
(314432, 646, 1)
(413004, 849, 1)
(413045, 849, 1)
(413054, 849, 1)
(413239, 849, 1)
(413275, 849, 1)
(413348, 849, 1)
(413524, 850, 1)
(413628, 850, 1)
(413637, 850, 1)
(413929, 850, 1)
(413947, 850, 1)
(413954, 850, 1)
(417219, 857, 1)
(417275, 857, 1)
(417328, 857, 1)
(433911, 892, 1)
(434229, 892, 1)
(434266, 892, 1)
(436555, 897, 1)
(436634, 897, 1)
(436822, 898, 1)
(469151, 964, 1)
(469253, 964, 1)
(469297, 964, 1)
(476487, 979, 1)
(476598, 979, 1)
(476633, 979, 1)
(476747, 979, 1)
(476941, 980, 1)
(477016, 980, 1)
(477117, 980, 1)
(477209, 980, 1)
(472557, 971, 1)
(472576, 971, 1)
(472571, 971, 1)
(472728, 971, 1)
(473007, 972, 1)
(473137, 972, 1)
(473331, 972, 1)
(486921, 1001, 1)
(487047, 1001, 1)
(487216, 1001, 1)
(487226, 1001, 1)
(485149, 997, 1)
(485275, 997, 1)
(485505, 998, 1)
(485588, 998, 1)
(485602, 998, 1)
(485712, 998, 1)
(485874, 998, 1)
(485924, 999, 1)
(485932, 999, 1)
(486380, 999, 1)
(486391, 1000, 1)
(486641, 1000, 1)
(491252, 1009, 1)
(491310, 1010, 1)
(491326, 1010, 1)
(494729, 1017, 1)
(494924, 1017, 1)
(495060, 1017, 1)
(496690, 1021, 1)
(496785, 1021, 1)
(496838, 1021, 1)
(496937, 1021, 1)
(497001, 1021, 1)
(497294, 1022, 1)
(497481, 1022, 1)
(497492, 1022, 1)
(499713, 1027, 1)
(499874, 1027, 1)
(499903, 1027, 1)
(545146, 1120, 1)
(545409, 1121, 1)
(545556, 1121, 1)
(545539, 1121, 1)
(545610, 1121, 1)
(545642, 1121, 1)
(545872, 1122, 1)
(546197, 1122, 1)
(596199, 1225, 1)
(596367, 1225, 1)
(596412, 1225, 1)
(596429, 1225, 1)
(596793, 1226, 1)
(596875, 1226, 1)
(596980, 1226, 1)
(303080, 623, 1)
(303187, 623, 1)
(303188, 623, 1)
(303268, 623, 1)
(303525, 624, 1)
(303630, 624, 1)
(307405, 632, 1)
(314818, 647, 1)
(314840, 647, 1)
(314977, 647, 1)
(315018, 647, 1)
(315213, 648, 1)
(318594, 655, 1)
(318824, 655, 1)
(318887, 655, 1)
(318938, 655, 1)
(317015, 651, 1)
(317298, 652, 1)
(317411, 652, 1)
(393513, 809, 1)
(393878, 810, 1)
(393895, 810, 1)
(394054, 810, 1)
(394091, 810, 1)
(394207, 810, 1)
(394323, 810, 1)
(398292, 819, 1)
(398447, 819, 1)
(398442, 819, 1)
(398471, 819, 1)
(398648, 819, 1)
(398740, 819, 1)
(463833, 953, 1)
(463856, 953, 1)
(464013, 953, 1)
(464197, 954, 1)
(464380, 954, 1)
(467694, 961, 1)
(467778, 961, 1)
(467971, 962, 1)
(468139, 962, 1)
(468288, 962, 1)
(468423, 962, 1)
(514149, 1057, 1)
(514193, 1057, 1)
(514231, 1057, 1)
(514440, 1057, 1)
(514788, 1058, 1)
(524246, 1077, 1)
(524426, 1078, 1)
(524621, 1078, 1)
(524653, 1078, 1)
(524730, 1078, 1)
(558858, 1148, 1)
(558896, 1148, 1)
(560039, 1151, 1)
(560053, 1151, 1)
(560617, 1152, 1)
(560820, 1152, 1)
(560912, 1152, 1)
(560932, 1152, 1)
(563558, 1158, 1)
(563575, 1158, 1)
(563871, 1158, 1)
(573621, 1179, 1)
(573694, 1179, 1)
(573911, 1179, 1)
(573988, 1179, 1)
(574187, 1180, 1)
(574257, 1180, 1)
(1008, 3, 1)
(1310, 3, 1)
(1580, 4, 1)
(2417, 5, 1)
(2506, 6, 1)
(2539, 6, 1)
(2621, 6, 1)
(2921, 6, 1)
(27651, 57, 1)
(27676, 57, 1)
(27679, 57, 1)
(27790, 57, 1)
(27863, 57, 1)
(238838, 491, 1)
(239445, 492, 1)
(250353, 515, 1)
(250555, 515, 1)
(251001, 516, 1)
(267490, 550, 1)
(267622, 550, 1)
(267706, 550, 1)
(267864, 550, 1)
(283668, 583, 1)
(283711, 583, 1)
(283886, 583, 1)
(283909, 583, 1)
(284010, 584, 1)
(284178, 584, 1)
(312335, 642, 1)
(312356, 642, 1)
(312452, 642, 1)
(312460, 642, 1)
(335001, 689, 1)
(335006, 689, 1)
(335032, 689, 1)
(335199, 689, 1)
(335218, 689, 1)
(335432, 689, 1)
(335435, 689, 1)
(335467, 690, 1)
(335516, 690, 1)
(335596, 690, 1)
(335675, 690, 1)
(312866, 643, 1)
(312997, 643, 1)
(313064, 643, 1)
(313162, 644, 1)
(313171, 644, 1)
(313258, 644, 1)
(313310, 644, 1)
(313385, 644, 1)
(313466, 644, 1)
(327514, 673, 1)
(327760, 673, 1)
(327863, 674, 1)
(328157, 674, 1)
(328258, 674, 1)
(348973, 717, 1)
(349012, 717, 1)
(349130, 717, 1)
(349180, 717, 1)
(349246, 718, 1)
(349284, 718, 1)
(349451, 718, 1)
(363234, 747, 1)
(363525, 747, 1)
(363554, 747, 1)
(363749, 748, 1)
(363842, 748, 1)
(364030, 748, 1)
(405734, 834, 1)
(405904, 834, 1)
(406074, 834, 1)
(406303, 835, 1)
(406338, 835, 1)
(406424, 835, 1)
(406910, 836, 1)
(407067, 836, 1)
(407099, 836, 1)
(452973, 931, 1)
(453475, 932, 1)
(453488, 932, 1)
(453557, 932, 1)
(453596, 932, 1)
(453601, 932, 1)
(474354, 975, 1)
(474363, 975, 1)
(474591, 975, 1)
(474646, 975, 1)
(474757, 975, 1)
(474865, 976, 1)
(475101, 976, 1)
(475126, 976, 1)
(469593, 965, 1)
(469628, 965, 1)
(469634, 965, 1)
(469662, 965, 1)
(469798, 965, 1)
(470004, 966, 1)
(470068, 966, 1)
(470124, 966, 1)
(470176, 966, 1)
(470209, 966, 1)
(470808, 967, 1)
(471425, 969, 1)
(471476, 969, 1)
(471500, 969, 1)
(471601, 969, 1)
(471739, 969, 1)
(472009, 970, 1)
(472278, 970, 1)
(472316, 970, 1)
(483465, 994, 1)
(483482, 994, 1)
(483579, 994, 1)
(483816, 994, 1)
(483857, 994, 1)
(490135, 1007, 1)
(490405, 1008, 1)
(490422, 1008, 1)
(490800, 1008, 1)
(507238, 1042, 1)
(507336, 1042, 1)
(507359, 1042, 1)
(507423, 1042, 1)
(507508, 1043, 1)
(507651, 1043, 1)
(507804, 1043, 1)
(508001, 1044, 1)
(508187, 1044, 1)
(508326, 1044, 1)
(508369, 1044, 1)
(513779, 1056, 1)
(514083, 1056, 1)
(521139, 1071, 1)
(521219, 1071, 1)
(521218, 1071, 1)
(521270, 1071, 1)
(521453, 1071, 1)
(521662, 1072, 1)
(521793, 1072, 1)
(521931, 1072, 1)
(517329, 1063, 1)
(517510, 1063, 1)
(517511, 1063, 1)
(517854, 1064, 1)
(517853, 1064, 1)
(517870, 1064, 1)
(524985, 1079, 1)
(525140, 1079, 1)
(525254, 1079, 1)
(525620, 1080, 1)
(525762, 1080, 1)
(525766, 1080, 1)
(7053, 15, 1)
(7479, 16, 1)
(7481, 16, 1)
(7840, 16, 1)
(9293, 19, 1)
(9303, 19, 1)
(9639, 20, 1)
(9693, 20, 1)
(159822, 329, 1)
(159987, 329, 1)
(160379, 330, 1)
(160521, 330, 1)
(160526, 330, 1)
(160625, 330, 1)
(160623, 330, 1)
(160636, 330, 1)
(160730, 331, 1)
(161031, 331, 1)
(208893, 429, 1)
(208953, 429, 1)
(209055, 430, 1)
(209051, 430, 1)
(209095, 430, 1)
(209394, 430, 1)
(245508, 505, 1)
(245654, 505, 1)
(245692, 505, 1)
(245810, 505, 1)
(245834, 505, 1)
(213585, 439, 1)
(216206, 445, 1)
(216241, 445, 1)
(216525, 445, 1)
(216584, 445, 1)
(216614, 445, 1)
(216715, 446, 1)
(217130, 446, 1)
(263189, 541, 1)
(263196, 541, 1)
(263494, 541, 1)
(263601, 542, 1)
(263732, 542, 1)
(263903, 542, 1)
(263916, 542, 1)
(271729, 559, 1)
(272041, 559, 1)
(272578, 560, 1)
(290683, 597, 1)
(290811, 598, 1)
(290865, 598, 1)
(290970, 598, 1)
(291219, 598, 1)
(296414, 609, 1)
(296664, 610, 1)
(296713, 610, 1)
(296890, 610, 1)
(297001, 610, 1)
(297135, 610, 1)
(321477, 661, 1)
(321834, 661, 1)
(321920, 661, 1)
(322129, 662, 1)
(322286, 662, 1)
(323535, 665, 1)
(324069, 666, 1)
(324103, 666, 1)
(378950, 779, 1)
(378982, 779, 1)
(379137, 779, 1)
(379153, 779, 1)
(379274, 779, 1)
(379392, 780, 1)
(379634, 780, 1)
(379788, 780, 1)
(379797, 780, 1)
(383903, 789, 1)
(383991, 789, 1)
(384243, 789, 1)
(384321, 790, 1)
(384353, 790, 1)
(384571, 790, 1)
(384643, 790, 1)
(384758, 790, 1)
(391879, 805, 1)
(391959, 805, 1)
(391977, 805, 1)
(392181, 806, 1)
(392186, 806, 1)
(392297, 806, 1)
(532318, 1094, 1)
(532583, 1094, 1)
(532740, 1094, 1)
(532983, 1095, 1)
(533639, 1096, 1)
(566997, 1165, 1)
(567107, 1165, 1)
(567346, 1166, 1)
(567487, 1166, 1)
(567514, 1166, 1)
(603103, 1239, 1)
(603159, 1239, 1)
(603224, 1239, 1)
(603273, 1239, 1)
(603359, 1239, 1)
(603415, 1240, 1)
(603517, 1240, 1)
(603569, 1240, 1)
(7979, 17, 1)
(8448, 18, 1)
(8782, 18, 1)
(14951, 31, 1)
(14948, 31, 1)
(15068, 31, 1)
(15229, 32, 1)
(15290, 32, 1)
(15380, 32, 1)
(15467, 32, 1)
(15565, 32, 1)
(269947, 555, 1)
(270346, 555, 1)
(270358, 555, 1)
(270414, 556, 1)
(270483, 556, 1)
(270606, 556, 1)
(274141, 564, 1)
(274228, 564, 1)
(274334, 564, 1)
(274342, 564, 1)
(274431, 564, 1)
(361634, 743, 1)
(361733, 743, 1)
(361855, 743, 1)
(361886, 743, 1)
(361920, 743, 1)
(370093, 761, 1)
(370227, 761, 1)
(370246, 761, 1)
(370396, 761, 1)
(370427, 761, 1)
(370503, 761, 1)
(370558, 762, 1)
(370595, 762, 1)
(370685, 762, 1)
(370772, 762, 1)
(372157, 765, 1)
(372383, 765, 1)
(372410, 765, 1)
(372479, 765, 1)
(372972, 766, 1)
(423580, 871, 1)
(423822, 871, 1)
(423854, 871, 1)
(423870, 871, 1)
(423936, 871, 1)
(424262, 872, 1)
(385788, 793, 1)
(386157, 793, 1)
(386229, 793, 1)
(386558, 794, 1)
(386711, 794, 1)
(388685, 799, 1)
(388756, 799, 1)
(388948, 799, 1)
(389153, 799, 1)
(410381, 843, 1)
(410779, 844, 1)
(413976, 851, 1)
(414044, 851, 1)
(414259, 851, 1)
(414565, 852, 1)
(415270, 853, 1)
(415767, 854, 1)
(415903, 854, 1)
(416118, 855, 1)
(416143, 855, 1)
(416130, 855, 1)
(416150, 855, 1)
(416290, 855, 1)
(416353, 855, 1)
(416472, 856, 1)
(416671, 856, 1)
(437577, 899, 1)
(437642, 899, 1)
(437709, 899, 1)
(437882, 900, 1)
(438155, 900, 1)
(438269, 900, 1)
(438377, 901, 1)
(438741, 901, 1)
(438750, 901, 1)
(441254, 907, 1)
(441596, 907, 1)
(441627, 907, 1)
(441838, 908, 1)
(441875, 908, 1)
(441889, 908, 1)
(450203, 925, 1)
(450384, 925, 1)
(450455, 925, 1)
(449159, 923, 1)
(449314, 923, 1)
(449467, 923, 1)
(449700, 924, 1)
(449781, 924, 1)
(450028, 924, 1)
(453764, 933, 1)
(453802, 933, 1)
(454020, 933, 1)
(454028, 933, 1)
(454188, 933, 1)
(454260, 934, 1)
(454268, 934, 1)
(466821, 959, 1)
(467004, 960, 1)
(468566, 963, 1)
(468779, 963, 1)
(468781, 963, 1)
(475628, 977, 1)
(475737, 977, 1)
(476036, 978, 1)
(476212, 978, 1)
(478342, 983, 1)
(478506, 983, 1)
(479118, 984, 1)
(491901, 1011, 1)
(491884, 1011, 1)
(492091, 1011, 1)
(492289, 1012, 1)
(492333, 1012, 1)
(492390, 1012, 1)
(492468, 1012, 1)
(496096, 1019, 1)
(536760, 1103, 1)
(536855, 1103, 1)
(536869, 1103, 1)
(537163, 1104, 1)
(537214, 1104, 1)
(537451, 1104, 1)
(537508, 1104, 1)
(537618, 1104, 1)
(538626, 1107, 1)
(538633, 1107, 1)
(538703, 1107, 1)
(538935, 1107, 1)
(539054, 1107, 1)
(539120, 1108, 1)
(539532, 1108, 1)
(24680, 51, 1)
(24728, 51, 1)
(24861, 51, 1)
(24986, 51, 1)
(25042, 52, 1)
(25416, 52, 1)
(25500, 53, 1)
(25767, 53, 1)
(25870, 53, 1)
(25884, 53, 1)
(26072, 54, 1)
(26314, 54, 1)
(61495, 127, 1)
(61565, 127, 1)
(61576, 127, 1)
(61912, 128, 1)
(62011, 128, 1)
(62114, 128, 1)
(62161, 128, 1)
(62438, 129, 1)
(62607, 129, 1)
(62668, 129, 1)
(63025, 130, 1)
(63259, 130, 1)
(63403, 131, 1)
(63602, 131, 1)
(63612, 131, 1)
(63935, 132, 1)
(64153, 132, 1)
(75086, 155, 1)
(75390, 155, 1)
(66349, 137, 1)
(66462, 137, 1)
(66604, 137, 1)
(66605, 137, 1)
(66723, 137, 1)
(66772, 138, 1)
(67176, 138, 1)
(70559, 145, 1)
(75865, 156, 1)
(76162, 157, 1)
(76161, 157, 1)
(76231, 157, 1)
(76240, 157, 1)
(76712, 158, 1)
(76979, 158, 1)
(77027, 158, 1)
(83923, 173, 1)
(84251, 173, 1)
(84351, 173, 1)
(84582, 174, 1)
(84670, 174, 1)
(84854, 174, 1)
(86833, 179, 1)
(86882, 179, 1)
(87325, 180, 1)
(87420, 180, 1)
(87693, 180, 1)
(84998, 175, 1)
(85014, 175, 1)
(85078, 175, 1)
(85084, 175, 1)
(85436, 176, 1)
(85460, 176, 1)
(85656, 176, 1)
(85679, 176, 1)
(85829, 176, 1)
(128894, 265, 1)
(90049, 185, 1)
(90089, 185, 1)
(90252, 185, 1)
(90410, 186, 1)
(90535, 186, 1)
(99964, 206, 1)
(99995, 206, 1)
(100181, 206, 1)
(100223, 206, 1)
(100344, 206, 1)
(95535, 197, 1)
(95593, 197, 1)
(95685, 197, 1)
(95826, 197, 1)
(95934, 197, 1)
(96188, 198, 1)
(96483, 199, 1)
(96491, 199, 1)
(96631, 199, 1)
(96754, 199, 1)
(102352, 211, 1)
(102367, 211, 1)
(102916, 212, 1)
(103057, 212, 1)
(103114, 212, 1)
(103118, 212, 1)
(120079, 247, 1)
(120291, 247, 1)
(120507, 248, 1)
(120571, 248, 1)
(120679, 248, 1)
(106848, 220, 1)
(107209, 220, 1)
(107431, 221, 1)
(107530, 221, 1)
(107579, 221, 1)
(107884, 222, 1)
(107945, 222, 1)
(107987, 222, 1)
(108069, 222, 1)
(108075, 222, 1)
(108151, 222, 1)
(109464, 225, 1)
(109477, 225, 1)
(109474, 225, 1)
(109555, 225, 1)
(109663, 225, 1)
(109666, 226, 1)
(112232, 231, 1)
(112546, 231, 1)
(129214, 266, 1)
(129233, 266, 1)
(129303, 266, 1)
(129312, 266, 1)
(129450, 266, 1)
(132800, 273, 1)
(132986, 273, 1)
(133049, 274, 1)
(133098, 274, 1)
(133359, 274, 1)
(133398, 274, 1)
(133419, 274, 1)
(133468, 274, 1)
(134624, 277, 1)
(134801, 277, 1)
(134871, 277, 1)
(134905, 277, 1)
(134998, 278, 1)
(135015, 278, 1)
(135160, 278, 1)
(135212, 278, 1)
(135343, 278, 1)
(136961, 282, 1)
(137116, 282, 1)
(137315, 282, 1)
(137649, 283, 1)
(137693, 283, 1)
(137713, 283, 1)
(137790, 283, 1)
(137987, 284, 1)
(138074, 284, 1)
(138243, 284, 1)
(86089, 177, 1)
(86078, 177, 1)
(86144, 177, 1)
(86248, 177, 1)
(86327, 177, 1)
(86525, 178, 1)
(86629, 178, 1)
(86803, 178, 1)
(91580, 189, 1)
(91597, 189, 1)
(91846, 189, 1)
(92287, 190, 1)
(92363, 190, 1)
(343811, 707, 1)
(343840, 707, 1)
(343933, 707, 1)
(344261, 707, 1)
(344338, 708, 1)
(344345, 708, 1)
(344360, 708, 1)
(344423, 708, 1)
(344545, 708, 1)
(344657, 708, 1)
(515111, 1059, 1)
(515125, 1059, 1)
(515386, 1059, 1)
(515803, 1060, 1)
(349781, 719, 1)
(350338, 720, 1)
(350409, 720, 1)
(350446, 720, 1)
(350471, 720, 1)
(350796, 721, 1)
(351170, 722, 1)
(351287, 722, 1)
(351317, 722, 1)
(351409, 722, 1)
(374037, 769, 1)
(374108, 769, 1)
(374404, 769, 1)
(374756, 770, 1)
(374788, 770, 1)
(377105, 775, 1)
(377171, 775, 1)
(377211, 775, 1)
(377384, 775, 1)
(377419, 776, 1)
(377431, 776, 1)
(377531, 776, 1)
(377748, 776, 1)
(394371, 811, 1)
(394391, 811, 1)
(394591, 811, 1)
(394718, 811, 1)
(394852, 811, 1)
(395176, 812, 1)
(395213, 812, 1)
(408211, 839, 1)
(408515, 839, 1)
(397327, 817, 1)
(397467, 817, 1)
(398010, 818, 1)
(398064, 818, 1)
(398049, 818, 1)
(398240, 818, 1)
(398273, 818, 1)
(399299, 821, 1)
(399503, 821, 1)
(399730, 821, 1)
(401343, 825, 1)
(401972, 826, 1)
(402149, 826, 1)
(404174, 831, 1)
(404178, 831, 1)
(404211, 831, 1)
(404378, 831, 1)
(404442, 831, 1)
(405007, 832, 1)
(432716, 889, 1)
(433140, 890, 1)
(433156, 890, 1)
(435056, 894, 1)
(435274, 894, 1)
(435265, 894, 1)
(435397, 895, 1)
(435690, 895, 1)
(436111, 896, 1)
(436161, 896, 1)
(445626, 916, 1)
(445777, 916, 1)
(445857, 916, 1)
(445972, 916, 1)
(553313, 1137, 1)
(553366, 1137, 1)
(555916, 1142, 1)
(556027, 1142, 1)
(572924, 1177, 1)
(573108, 1177, 1)
(573310, 1178, 1)
(573395, 1178, 1)
(573449, 1178, 1)
(573509, 1178, 1)
(584461, 1201, 1)
(585014, 1202, 1)
(592681, 1218, 1)
(592728, 1218, 1)
(592751, 1218, 1)
(592915, 1218, 1)
(593076, 1218, 1)
(597685, 1228, 1)
(597829, 1228, 1)
(285988, 588, 1)
(286231, 588, 1)
(286345, 588, 1)
(295964, 608, 1)
(353617, 727, 1)
(353657, 727, 1)
(353705, 727, 1)
(353802, 727, 1)
(354005, 727, 1)
(354177, 728, 1)
(354238, 728, 1)
(354371, 728, 1)
(365252, 751, 1)
(365325, 751, 1)
(365334, 751, 1)
(365769, 752, 1)
(365842, 752, 1)
(356772, 733, 1)
(356872, 733, 1)
(356957, 733, 1)
(357348, 734, 1)
(357465, 734, 1)
(367260, 755, 1)
(367262, 755, 1)
(367608, 755, 1)
(367748, 756, 1)
(368016, 756, 1)
(399793, 822, 1)
(399913, 822, 1)
(399938, 822, 1)
(400094, 822, 1)
(400208, 822, 1)
(427621, 879, 1)
(428124, 880, 1)
(428149, 880, 1)
(428211, 880, 1)
(428270, 880, 1)
(428278, 880, 1)
(428368, 880, 1)
(428376, 880, 1)
(428442, 880, 1)
(428452, 880, 1)
(430806, 885, 1)
(431224, 886, 1)
(431312, 886, 1)
(431376, 886, 1)
(431393, 886, 1)
(492824, 1013, 1)
(492854, 1013, 1)
(493069, 1013, 1)
(493160, 1013, 1)
(493535, 1014, 1)
(493613, 1014, 1)
(493617, 1014, 1)
(493634, 1014, 1)
(500709, 1029, 1)
(500727, 1029, 1)
(500784, 1029, 1)
(520079, 1069, 1)
(520239, 1069, 1)
(520249, 1069, 1)
(520352, 1069, 1)
(520423, 1069, 1)
(520671, 1070, 1)
(520717, 1070, 1)
(539645, 1109, 1)
(539687, 1109, 1)
(539684, 1109, 1)
(539864, 1109, 1)
(551373, 1133, 1)
(551505, 1133, 1)
(551583, 1133, 1)
(551605, 1133, 1)
(551612, 1133, 1)
(551690, 1134, 1)
(551916, 1134, 1)
(551965, 1134, 1)
(552089, 1134, 1)
(552130, 1134, 1)
(557148, 1145, 1)
(557240, 1145, 1)
(557406, 1145, 1)
(558076, 1147, 1)
(558077, 1147, 1)
(558229, 1147, 1)
(558451, 1147, 1)
(562668, 1156, 1)
(562707, 1156, 1)
(565960, 1163, 1)
(566234, 1163, 1)
(566296, 1163, 1)
(566361, 1164, 1)
(566403, 1164, 1)
(566486, 1164, 1)
(566536, 1164, 1)
(566831, 1164, 1)
(577971, 1188, 1)
(578003, 1188, 1)
(578070, 1188, 1)
(578118, 1188, 1)
(578173, 1188, 1)
(578174, 1188, 1)
(578269, 1188, 1)
(579514, 1191, 1)
(579563, 1191, 1)
(579583, 1191, 1)
(579832, 1191, 1)
(580018, 1192, 1)
(580056, 1192, 1)
(580215, 1192, 1)
(580248, 1192, 1)
(580317, 1192, 1)
(582471, 1197, 1)
(582533, 1197, 1)
(582602, 1197, 1)
(582806, 1197, 1)
(592287, 1217, 1)
(592414, 1217, 1)
(592534, 1217, 1)
(592560, 1217, 1)
(602480, 1238, 1)
(602735, 1238, 1)
(2942, 7, 1)
(3109, 7, 1)
(3239, 7, 1)
(3203, 7, 1)
(3333, 7, 1)
(3372, 7, 1)
(3462, 8, 1)
(3498, 8, 1)
(3541, 8, 1)
(3733, 8, 1)
(3781, 8, 1)
(3858, 8, 1)
(6228, 13, 1)
(6707, 14, 1)
(13358, 28, 1)
(13760, 29, 1)
(13951, 29, 1)
(14298, 30, 1)
(14383, 30, 1)
(14448, 30, 1)
(14479, 30, 1)
(14546, 30, 1)
(14579, 30, 1)
(14695, 30, 1)
(16663, 35, 1)
(16682, 35, 1)
(17117, 35, 1)
(17329, 36, 1)
(17472, 36, 1)
(17489, 36, 1)
(17525, 36, 1)
(19873, 41, 1)
(17755, 37, 1)
(17874, 37, 1)
(17974, 37, 1)
(17983, 37, 1)
(18261, 38, 1)
(18392, 38, 1)
(22597, 47, 1)
(22745, 47, 1)
(22732, 47, 1)
(22992, 47, 1)
(23258, 48, 1)
(23497, 48, 1)
(18682, 39, 1)
(18829, 39, 1)
(19058, 39, 1)
(19115, 40, 1)
(19121, 40, 1)
(19406, 40, 1)
(19467, 40, 1)
(19545, 40, 1)
(19592, 40, 1)
(20164, 42, 1)
(20431, 42, 1)
(20519, 42, 1)
(26639, 55, 1)
(26653, 55, 1)
(26821, 55, 1)
(27315, 56, 1)
(27337, 56, 1)
(27429, 56, 1)
(23559, 49, 1)
(23869, 49, 1)
(24047, 50, 1)
(24260, 50, 1)
(29798, 61, 1)
(29882, 61, 1)
(30043, 62, 1)
(30179, 62, 1)
(67362, 139, 1)
(67407, 139, 1)
(67802, 140, 1)
(68045, 140, 1)
(68242, 141, 1)
(68302, 141, 1)
(68637, 141, 1)
(80114, 165, 1)
(80230, 165, 1)
(80833, 166, 1)
(80934, 166, 1)
(87850, 181, 1)
(87974, 181, 1)
(88215, 181, 1)
(103528, 213, 1)
(103763, 213, 1)
(103868, 214, 1)
(104076, 214, 1)
(104136, 214, 1)
(104135, 214, 1)
(104260, 214, 1)
(108380, 223, 1)
(108517, 223, 1)
(108656, 223, 1)
(108706, 224, 1)
(108721, 224, 1)
(108783, 224, 1)
(108850, 224, 1)
(140935, 290, 1)
(141032, 290, 1)
(141101, 290, 1)
(141236, 290, 1)
(141282, 290, 1)
(141358, 291, 1)
(141651, 291, 1)
(141889, 292, 1)
(141945, 292, 1)
(142183, 292, 1)
(142713, 293, 1)
(142883, 294, 1)
(612523, 1259, 1)
(612658, 1259, 1)
(612703, 1259, 1)
(48389, 100, 1)
(48401, 100, 1)
(48411, 100, 1)
(48491, 100, 1)
(48554, 100, 1)
(48758, 100, 1)
(157059, 323, 1)
(157196, 323, 1)
(157400, 324, 1)
(157460, 324, 1)
(157770, 324, 1)
(185533, 382, 1)
(185889, 382, 1)
(206926, 425, 1)
(346683, 712, 1)
(346707, 712, 1)
(482596, 991, 1)
(482607, 991, 1)
(482727, 992, 1)
(482843, 992, 1)
(379943, 781, 1)
(380298, 781, 1)
(380534, 782, 1)
(380716, 782, 1)
(382002, 785, 1)
(382078, 785, 1)
(382406, 786, 1)
(382510, 786, 1)
(387230, 796, 1)
(390672, 803, 1)
(390714, 803, 1)
(390764, 803, 1)
(390892, 803, 1)
(390911, 803, 1)
(390994, 803, 1)
(391163, 804, 1)
(391207, 804, 1)
(391591, 804, 1)
(407341, 837, 1)
(407465, 837, 1)
(407609, 838, 1)
(407630, 838, 1)
(407719, 838, 1)
(407762, 838, 1)
(451122, 927, 1)
(451234, 927, 1)
(451366, 927, 1)
(451383, 927, 1)
(451590, 928, 1)
(451812, 928, 1)
(451823, 928, 1)
(455090, 935, 1)
(455275, 936, 1)
(455567, 936, 1)
(525919, 1081, 1)
(525945, 1081, 1)
(526081, 1081, 1)
(526077, 1081, 1)
(526436, 1082, 1)
(526450, 1082, 1)
(526530, 1082, 1)
(526826, 1082, 1)
(529817, 1089, 1)
(529937, 1089, 1)
(530031, 1089, 1)
(530080, 1089, 1)
(530356, 1090, 1)
(530354, 1090, 1)
(530396, 1090, 1)
(530457, 1090, 1)
(530614, 1090, 1)
(550222, 1131, 1)
(550307, 1131, 1)
(550296, 1131, 1)
(550511, 1131, 1)
(550512, 1131, 1)
(550557, 1131, 1)
(550700, 1132, 1)
(550882, 1132, 1)
(550933, 1132, 1)
(551134, 1132, 1)
(559105, 1149, 1)
(559166, 1149, 1)
(559440, 1149, 1)
(559487, 1149, 1)
(559805, 1150, 1)
(559831, 1150, 1)
(562991, 1157, 1)
(569514, 1170, 1)
(569624, 1170, 1)
(569910, 1171, 1)
(569957, 1171, 1)
(570132, 1171, 1)
(570180, 1171, 1)
(570222, 1171, 1)
(570312, 1172, 1)
(570749, 1172, 1)
