(68, 1, 1)
(164, 1, 1)
(484, 3, 1)
(582, 3, 1)
(49053, 246, 1)
(49098, 246, 1)
(49179, 246, 1)
(49314, 247, 1)
(49704, 249, 1)
(3443, 18, 1)
(3527, 18, 1)
(3540, 18, 1)
(3928, 20, 1)
(14016, 71, 1)
(14030, 71, 1)
(14060, 71, 1)
(14111, 71, 1)
(14253, 72, 1)
(14300, 72, 1)
(14652, 74, 1)
(14667, 74, 1)
(6067, 31, 1)
(6092, 31, 1)
(6177, 31, 1)
(6411, 33, 1)
(6472, 33, 1)
(6678, 34, 1)
(6725, 34, 1)
(6791, 34, 1)
(7215, 37, 1)
(7686, 39, 1)
(7858, 40, 1)
(80158, 401, 1)
(80535, 403, 1)
(80611, 404, 1)
(80642, 404, 1)
(182484, 914, 1)
(182538, 914, 1)
(182743, 915, 1)
(182765, 915, 1)
(16967, 85, 1)
(34008, 171, 1)
(34567, 173, 1)
(34541, 173, 1)
(34709, 174, 1)
(34937, 175, 1)
(60369, 302, 1)
(48616, 244, 1)
(135114, 676, 1)
(135169, 677, 1)
(135175, 677, 1)
(135331, 678, 1)
(135454, 678, 1)
(135482, 678, 1)
(135507, 678, 1)
(135534, 679, 1)
(135614, 679, 1)
(135816, 680, 1)
(148178, 742, 1)
(60769, 304, 1)
(84172, 421, 1)
(84290, 422, 1)
(84405, 423, 1)
(84416, 423, 1)
(84540, 423, 1)
(84672, 424, 1)
(89205, 447, 1)
(89302, 447, 1)
(110079, 551, 1)
(110219, 552, 1)
(110264, 552, 1)
(110473, 553, 1)
(110643, 554, 1)
(110867, 555, 1)
(110879, 555, 1)
(161040, 806, 1)
(161223, 807, 1)
(161252, 807, 1)
(232916, 1166, 1)
(233169, 1167, 1)
(233253, 1168, 1)
(233254, 1168, 1)
(233369, 1168, 1)
(233400, 1168, 1)
(240530, 1204, 1)
(240910, 1206, 1)
(240972, 1206, 1)
(241239, 1208, 1)
(1181, 6, 1)
(1317, 7, 1)
(1402, 8, 1)
(1485, 8, 1)
(1594, 8, 1)
(1788, 9, 1)
(1968, 10, 1)
(137927, 691, 1)
(138023, 691, 1)
(138374, 693, 1)
(138376, 693, 1)
(138562, 694, 1)
(5081, 26, 1)
(5078, 26, 1)
(5856, 30, 1)
(58120, 291, 1)
(58342, 292, 1)
(58476, 293, 1)
(49869, 250, 1)
(51144, 256, 1)
(51652, 259, 1)
(51750, 259, 1)
(51862, 260, 1)
(66257, 332, 1)
(66298, 332, 1)
(66395, 332, 1)
(102239, 512, 1)
(102411, 513, 1)
(102531, 514, 1)
(102601, 514, 1)
(102718, 514, 1)
(102801, 515, 1)
(102889, 515, 1)
(104013, 521, 1)
(104046, 521, 1)
(155364, 778, 1)
(155435, 778, 1)
(155473, 778, 1)
(155837, 780, 1)
(159039, 796, 1)
(159262, 797, 1)
(159328, 798, 1)
(159506, 798, 1)
(159657, 799, 1)
(159887, 800, 1)
(159909, 800, 1)
(172244, 862, 1)
(172510, 863, 1)
(172849, 865, 1)
(196425, 983, 1)
(202928, 1016, 1)
(202941, 1016, 1)
(202975, 1016, 1)
(203029, 1016, 1)
(203041, 1017, 1)
(203410, 1018, 1)
(204478, 1024, 1)
(204494, 1024, 1)
(204451, 1024, 1)
(204584, 1024, 1)
(204644, 1025, 1)
(228909, 1146, 1)
(229197, 1147, 1)
(229181, 1147, 1)
(229382, 1148, 1)
(249745, 1250, 1)
(235511, 1179, 1)
(236207, 1182, 1)
(236259, 1183, 1)
(236349, 1183, 1)
(236408, 1183, 1)
(236429, 1183, 1)
(237768, 1190, 1)
(238267, 1193, 1)
(238262, 1193, 1)
(243442, 1219, 1)
(243474, 1219, 1)
(243511, 1219, 1)
(243494, 1219, 1)
(243573, 1219, 1)
(243603, 1219, 1)
(243864, 1221, 1)
(243899, 1221, 1)
(244044, 1222, 1)
(2312, 12, 1)
(2739, 14, 1)
(16075, 81, 1)
(16116, 81, 1)
(16121, 81, 1)
(16264, 82, 1)
(16229, 82, 1)
(16527, 83, 1)
(8166, 41, 1)
(8244, 42, 1)
(8382, 42, 1)
(8409, 43, 1)
(8581, 43, 1)
(8815, 45, 1)
(18046, 91, 1)
(18217, 92, 1)
(18493, 93, 1)
(18478, 93, 1)
(18724, 94, 1)
(14812, 75, 1)
(14931, 75, 1)
(38136, 191, 1)
(38294, 192, 1)
(38440, 193, 1)
(38914, 195, 1)
(92151, 462, 1)
(92188, 462, 1)
(92228, 462, 1)
(92437, 463, 1)
(92457, 463, 1)
(21849, 110, 1)
(21908, 110, 1)
(21963, 110, 1)
(25221, 127, 1)
(25395, 127, 1)
(25625, 129, 1)
(25827, 130, 1)
(25823, 130, 1)
(25861, 130, 1)
(48346, 242, 1)
(48447, 243, 1)
(79817, 400, 1)
(128927, 646, 1)
(129249, 647, 1)
(129277, 647, 1)
(129294, 647, 1)
(129462, 648, 1)
(129680, 649, 1)
(129798, 650, 1)
(190524, 954, 1)
(190575, 954, 1)
(190698, 955, 1)
(190695, 955, 1)
(119124, 597, 1)
(119404, 598, 1)
(119473, 598, 1)
(119540, 599, 1)
(119654, 599, 1)
(119731, 600, 1)
(153105, 766, 1)
(153116, 766, 1)
(143352, 718, 1)
(143433, 718, 1)
(143718, 719, 1)
(143865, 720, 1)
(166230, 832, 1)
(166402, 833, 1)
(166581, 834, 1)
(166693, 834, 1)
(185954, 931, 1)
(186226, 932, 1)
(194444, 974, 1)
(194670, 975, 1)
(194775, 975, 1)
(194784, 975, 1)
(195085, 977, 1)
(195207, 977, 1)
(195277, 978, 1)
(195371, 978, 1)
(195401, 978, 1)
(218704, 1095, 1)
(218754, 1095, 1)
(218761, 1095, 1)
(219126, 1097, 1)
(219204, 1097, 1)
(219255, 1098, 1)
(219322, 1098, 1)
(246463, 1234, 1)
(246716, 1235, 1)
(246798, 1235, 1)
(246982, 1236, 1)
(247008, 1236, 1)
(246983, 1236, 1)
(247102, 1237, 1)
(247231, 1237, 1)
(9259, 47, 1)
(9657, 49, 1)
(9784, 49, 1)
(9871, 50, 1)
(9960, 50, 1)
(85029, 426, 1)
(85037, 426, 1)
(85249, 427, 1)
(85434, 428, 1)
(85489, 428, 1)
(85555, 428, 1)
(85610, 429, 1)
(85706, 429, 1)
(85738, 429, 1)
(10017, 51, 1)
(10339, 52, 1)
(10364, 52, 1)
(10375, 52, 1)
(10623, 54, 1)
(10662, 54, 1)
(10659, 54, 1)
(10728, 54, 1)
(10736, 54, 1)
(10824, 55, 1)
(10882, 55, 1)
(31192, 156, 1)
(31205, 157, 1)
(31404, 158, 1)
(31596, 158, 1)
(12003, 61, 1)
(12126, 61, 1)
(12204, 62, 1)
(12275, 62, 1)
(12538, 63, 1)
(12544, 63, 1)
(12656, 64, 1)
(12911, 65, 1)
(62191, 311, 1)
(62238, 312, 1)
(62375, 312, 1)
(23962, 120, 1)
(191568, 959, 1)
(191532, 959, 1)
(191682, 960, 1)
(191713, 960, 1)
(191768, 960, 1)
(191885, 961, 1)
(191894, 961, 1)
(191939, 961, 1)
(192024, 961, 1)
(192072, 962, 1)
(192332, 963, 1)
(192351, 963, 1)
(192395, 963, 1)
(230618, 1154, 1)
(230920, 1156, 1)
(35002, 176, 1)
(35270, 177, 1)
(35306, 177, 1)
(35423, 178, 1)
(35681, 179, 1)
(35814, 180, 1)
(42229, 212, 1)
(42350, 212, 1)
(42396, 212, 1)
(42701, 214, 1)
(114355, 573, 1)
(114581, 574, 1)
(118006, 591, 1)
(118025, 591, 1)
(118302, 592, 1)
(118441, 593, 1)
(118856, 595, 1)
(118910, 595, 1)
(126011, 631, 1)
(139811, 700, 1)
(139844, 700, 1)
(139848, 700, 1)
(175056, 876, 1)
(175080, 876, 1)
(175094, 876, 1)
(175157, 877, 1)
(175310, 877, 1)
(175364, 878, 1)
(175374, 878, 1)
(175692, 879, 1)
(175689, 879, 1)
(175705, 879, 1)
(196484, 984, 1)
(196543, 984, 1)
(196644, 985, 1)
(196700, 985, 1)
(196742, 985, 1)
(196854, 986, 1)
(197039, 987, 1)
(197324, 988, 1)
(197378, 988, 1)
(212595, 1064, 1)
(213154, 1067, 1)
(213426, 1068, 1)
(229660, 1150, 1)
(229692, 1150, 1)
(11022, 56, 1)
(11025, 56, 1)
(11246, 57, 1)
(11336, 57, 1)
(11503, 58, 1)
(11638, 59, 1)
(11807, 60, 1)
(11884, 60, 1)
(29104, 146, 1)
(29153, 146, 1)
(29158, 146, 1)
(29340, 147, 1)
(29542, 148, 1)
(29579, 148, 1)
(29642, 149, 1)
(29675, 149, 1)
(29689, 149, 1)
(29746, 149, 1)
(15138, 76, 1)
(15227, 77, 1)
(15257, 77, 1)
(15346, 77, 1)
(15714, 79, 1)
(50221, 252, 1)
(50259, 252, 1)
(50260, 252, 1)
(50498, 253, 1)
(50511, 253, 1)
(50636, 254, 1)
(50648, 254, 1)
(17155, 86, 1)
(17395, 87, 1)
(17820, 90, 1)
(17844, 90, 1)
(23054, 116, 1)
(23125, 116, 1)
(23195, 116, 1)
(23544, 118, 1)
(23738, 119, 1)
(29814, 150, 1)
(29869, 150, 1)
(29993, 150, 1)
(90245, 452, 1)
(90733, 455, 1)
(90845, 455, 1)
(125217, 627, 1)
(37965, 190, 1)
(46043, 231, 1)
(46155, 231, 1)
(46284, 232, 1)
(46354, 232, 1)
(46451, 233, 1)
(46722, 234, 1)
(46748, 234, 1)
(46974, 235, 1)
(47110, 236, 1)
(47259, 237, 1)
(47418, 238, 1)
(47517, 238, 1)
(47527, 238, 1)
(47518, 238, 1)
(47574, 238, 1)
(61916, 310, 1)
(75245, 377, 1)
(75292, 377, 1)
(75386, 377, 1)
(75389, 377, 1)
(75390, 377, 1)
(75420, 378, 1)
(75437, 378, 1)
(75551, 378, 1)
(75755, 379, 1)
(75773, 379, 1)
(75859, 380, 1)
(83065, 416, 1)
(83598, 418, 1)
(144423, 723, 1)
(144484, 723, 1)
(144765, 725, 1)
(170300, 852, 1)
(170467, 853, 1)
(170505, 853, 1)
(170714, 854, 1)
(153943, 771, 1)
(154124, 772, 1)
(154205, 772, 1)
(154446, 773, 1)
(154580, 774, 1)
(167960, 841, 1)
(168075, 841, 1)
(168185, 842, 1)
(168194, 842, 1)
(168305, 842, 1)
(168592, 844, 1)
(168699, 844, 1)
(168842, 845, 1)
(161360, 808, 1)
(161395, 808, 1)
(161657, 809, 1)
(161668, 809, 1)
(161782, 810, 1)
(161811, 810, 1)
(161893, 810, 1)
(166947, 836, 1)
(166981, 836, 1)
(167006, 836, 1)
(167055, 836, 1)
(167186, 837, 1)
(167246, 837, 1)
(167472, 838, 1)
(167809, 840, 1)
(174034, 871, 1)
(174101, 871, 1)
(162411, 813, 1)
(162418, 813, 1)
(162428, 813, 1)
(162801, 815, 1)
(168925, 846, 1)
(169092, 846, 1)
(169250, 847, 1)
(169382, 848, 1)
(169544, 849, 1)
(169583, 849, 1)
(169704, 849, 1)
(169708, 849, 1)
(169820, 850, 1)
(169908, 850, 1)
(170965, 856, 1)
(171276, 857, 1)
(171829, 860, 1)
(181148, 907, 1)
(181153, 907, 1)
(181158, 907, 1)
(181198, 907, 1)
(181287, 907, 1)
(206800, 1035, 1)
(207402, 1038, 1)
(209446, 1049, 1)
(209540, 1049, 1)
(209533, 1049, 1)
(209955, 1051, 1)
(210128, 1052, 1)
(210245, 1053, 1)
(50823, 255, 1)
(50851, 255, 1)
(70431, 353, 1)
(70538, 353, 1)
(70594, 353, 1)
(70614, 354, 1)
(70612, 354, 1)
(70657, 354, 1)
(70687, 354, 1)
(70700, 354, 1)
(70831, 355, 1)
(70933, 355, 1)
(76221, 382, 1)
(76327, 382, 1)
(76498, 383, 1)
(76507, 383, 1)
(73754, 369, 1)
(73836, 370, 1)
(73866, 370, 1)
(106142, 532, 1)
(106131, 532, 1)
(106177, 532, 1)
(106342, 533, 1)
(106371, 533, 1)
(66608, 334, 1)
(93268, 467, 1)
(93627, 469, 1)
(93681, 469, 1)
(155028, 776, 1)
(155232, 777, 1)
(81756, 409, 1)
(81940, 410, 1)
(97087, 486, 1)
(97135, 487, 1)
(97173, 487, 1)
(97144, 487, 1)
(97764, 490, 1)
(144284, 722, 1)
(92605, 464, 1)
(92690, 464, 1)
(131935, 661, 1)
(132214, 662, 1)
(132264, 662, 1)
(132356, 663, 1)
(132553, 664, 1)
(132595, 664, 1)
(132612, 664, 1)
(132703, 664, 1)
(132749, 665, 1)
(132891, 665, 1)
(185707, 930, 1)
(185697, 930, 1)
(115717, 579, 1)
(115808, 580, 1)
(133101, 666, 1)
(133136, 667, 1)
(133257, 667, 1)
(133399, 668, 1)
(133441, 668, 1)
(133440, 668, 1)
(133499, 668, 1)
(133580, 669, 1)
(133833, 670, 1)
(133859, 670, 1)
(125568, 629, 1)
(125652, 629, 1)
(125680, 629, 1)
(125853, 630, 1)
(157622, 789, 1)
(161966, 811, 1)
(161965, 811, 1)
(162045, 811, 1)
(162201, 812, 1)
(134128, 672, 1)
(134317, 672, 1)
(134573, 674, 1)
(134557, 674, 1)
(134769, 675, 1)
(134846, 675, 1)
(140975, 706, 1)
(140969, 706, 1)
(141297, 707, 1)
(141371, 708, 1)
(141707, 709, 1)
(174156, 872, 1)
(174418, 873, 1)
(174696, 874, 1)
(174741, 875, 1)
(188481, 944, 1)
(188557, 944, 1)
(188571, 944, 1)
(188599, 944, 1)
(188628, 944, 1)
(188621, 944, 1)
(188977, 946, 1)
(189017, 946, 1)
(189045, 947, 1)
(189167, 947, 1)
(189277, 948, 1)
(111490, 558, 1)
(111846, 560, 1)
(111867, 560, 1)
(127927, 641, 1)
(127986, 641, 1)
(128460, 643, 1)
(128466, 643, 1)
(128713, 644, 1)
(128801, 645, 1)
(138753, 695, 1)
(138834, 695, 1)
(142478, 713, 1)
(142883, 715, 1)
(150426, 753, 1)
(150622, 754, 1)
(150651, 754, 1)
(150667, 754, 1)
(150718, 754, 1)
(151961, 761, 1)
(152049, 761, 1)
(152155, 762, 1)
(152367, 763, 1)
(152508, 763, 1)
(152827, 765, 1)
(163183, 817, 1)
(163693, 819, 1)
(163768, 820, 1)
(163810, 820, 1)
(176178, 882, 1)
(176483, 883, 1)
(176528, 884, 1)
(176542, 884, 1)
(176708, 884, 1)
(176790, 885, 1)
(190856, 956, 1)
(190988, 956, 1)
(191034, 956, 1)
(191171, 957, 1)
(191299, 958, 1)
(191290, 958, 1)
(193880, 971, 1)
(194082, 972, 1)
(205091, 1027, 1)
(205164, 1027, 1)
(213667, 1070, 1)
(213966, 1071, 1)
(214015, 1071, 1)
(214119, 1072, 1)
(214202, 1072, 1)
(214224, 1072, 1)
(229988, 1151, 1)
(230072, 1152, 1)
(233840, 1171, 1)
(234903, 1176, 1)
(238716, 1195, 1)
(238719, 1195, 1)
(238856, 1196, 1)
(238866, 1196, 1)
(238958, 1196, 1)
(239084, 1197, 1)
(239357, 1198, 1)
(239414, 1198, 1)
(241926, 1211, 1)
(241970, 1211, 1)
(241992, 1211, 1)
(242998, 1216, 1)
(243235, 1217, 1)
(245850, 1231, 1)
(245863, 1231, 1)
(245923, 1231, 1)
(245928, 1231, 1)
(246233, 1232, 1)
(249226, 1247, 1)
(249265, 1248, 1)
(249257, 1248, 1)
(24878, 125, 1)
(56181, 281, 1)
(56188, 281, 1)
(56218, 282, 1)
(56274, 282, 1)
(56376, 282, 1)
(56510, 283, 1)
(56631, 284, 1)
(56938, 285, 1)
(56953, 285, 1)
(56993, 285, 1)
(82043, 411, 1)
(82158, 411, 1)
(82244, 412, 1)
(82531, 413, 1)
(32041, 161, 1)
(32237, 162, 1)
(32458, 163, 1)
(32547, 163, 1)
(32691, 164, 1)
(32773, 164, 1)
(32986, 165, 1)
(192812, 965, 1)
(192883, 966, 1)
(192867, 966, 1)
(193129, 967, 1)
(91581, 459, 1)
(91638, 459, 1)
(91735, 460, 1)
(99100, 496, 1)
(99148, 497, 1)
(99779, 500, 1)
(131123, 657, 1)
(173218, 867, 1)
(173303, 867, 1)
(173314, 867, 1)
(173391, 868, 1)
(173460, 868, 1)
(173706, 869, 1)
(217505, 1089, 1)
(217680, 1090, 1)
(217733, 1090, 1)
(217794, 1090, 1)
(217855, 1091, 1)
(217976, 1091, 1)
(218128, 1092, 1)
(218319, 1093, 1)
(218339, 1093, 1)
(187243, 938, 1)
(187409, 938, 1)
(203666, 1020, 1)
(203706, 1020, 1)
(203752, 1020, 1)
(204270, 1023, 1)
(204416, 1023, 1)
(210529, 1054, 1)
(210616, 1054, 1)
(210781, 1055, 1)
(210915, 1056, 1)
(193312, 968, 1)
(193321, 968, 1)
(214869, 1076, 1)
(215095, 1077, 1)
(215188, 1077, 1)
(215215, 1077, 1)
(215361, 1078, 1)
(239596, 1199, 1)
(239699, 1200, 1)
(239710, 1200, 1)
(239837, 1201, 1)
(239876, 1201, 1)
(199116, 997, 1)
(199150, 997, 1)
(199220, 997, 1)
(199251, 998, 1)
(199407, 998, 1)
(200542, 1004, 1)
(200619, 1004, 1)
(200762, 1005, 1)
(200955, 1006, 1)
(201086, 1007, 1)
(201389, 1008, 1)
(220510, 1104, 1)
(220621, 1104, 1)
(220665, 1105, 1)
(220690, 1105, 1)
(209436, 1048, 1)
(244518, 1224, 1)
(244786, 1225, 1)
(244800, 1225, 1)
(244878, 1226, 1)
(244864, 1226, 1)
(244892, 1226, 1)
(244952, 1226, 1)
(245030, 1226, 1)
(245037, 1227, 1)
(245058, 1227, 1)
(245561, 1229, 1)
(245630, 1229, 1)
(227247, 1138, 1)
(227296, 1138, 1)
(227308, 1138, 1)
(227493, 1139, 1)
(227511, 1139, 1)
(227872, 1141, 1)
(228269, 1143, 1)
(228395, 1143, 1)
(228417, 1143, 1)
(228444, 1144, 1)
(228491, 1144, 1)
(228563, 1144, 1)
(228667, 1145, 1)
(228791, 1145, 1)
(228796, 1145, 1)
(240273, 1203, 1)
(240374, 1203, 1)
(240416, 1203, 1)
(247479, 1239, 1)
(247634, 1239, 1)
(247715, 1240, 1)
(247905, 1241, 1)
(247898, 1241, 1)
(247870, 1241, 1)
(248278, 1243, 1)
(248331, 1243, 1)
(248671, 1245, 1)
(248781, 1245, 1)
(248789, 1245, 1)
(4159, 21, 1)
(4418, 23, 1)
(4417, 23, 1)
(4687, 24, 1)
(4708, 24, 1)
(5000, 25, 1)
(37421, 188, 1)
(27046, 136, 1)
(27052, 136, 1)
(27275, 137, 1)
(27310, 137, 1)
(27447, 138, 1)
(27795, 139, 1)
(27814, 140, 1)
(27830, 140, 1)
(43183, 216, 1)
(43602, 219, 1)
(43660, 219, 1)
(43772, 219, 1)
(33962, 170, 1)
(33990, 170, 1)
(36095, 181, 1)
(36140, 181, 1)
(36469, 183, 1)
(36811, 185, 1)
(36820, 185, 1)
(36885, 185, 1)
(36952, 185, 1)
(45082, 226, 1)
(45190, 226, 1)
(45277, 227, 1)
(127782, 640, 1)
(127847, 640, 1)
(150110, 751, 1)
(100392, 503, 1)
(100473, 503, 1)
(181607, 909, 1)
(181728, 910, 1)
(181986, 911, 1)
(182174, 912, 1)
(182209, 912, 1)
(121561, 609, 1)
(121625, 609, 1)
(121757, 610, 1)
(121755, 610, 1)
(121774, 610, 1)
(121893, 610, 1)
(144935, 726, 1)
(144961, 726, 1)
(145037, 726, 1)
(145253, 727, 1)
(158215, 792, 1)
(126379, 633, 1)
(126716, 634, 1)
(126735, 635, 1)
(177139, 887, 1)
(177321, 888, 1)
(177395, 888, 1)
(177544, 889, 1)
(177541, 889, 1)
(177666, 889, 1)
(202102, 1012, 1)
(202137, 1012, 1)
(202222, 1012, 1)
(202393, 1013, 1)
(211956, 1061, 1)
(211978, 1061, 1)
(212050, 1062, 1)
(221901, 1111, 1)
(221948, 1111, 1)
(222241, 1113, 1)
(222347, 1113, 1)
(225488, 1129, 1)
(225613, 1129, 1)
(225619, 1129, 1)
(225645, 1130, 1)
(225942, 1131, 1)
(226171, 1132, 1)
(226334, 1133, 1)
(226393, 1133, 1)
(226412, 1133, 1)
(231112, 1157, 1)
(231356, 1158, 1)
(231400, 1158, 1)
(231488, 1159, 1)
(231579, 1159, 1)
(232227, 1162, 1)
(241437, 1209, 1)
(241635, 1209, 1)
(241716, 1210, 1)
(241728, 1210, 1)
(13074, 66, 1)
(13088, 66, 1)
(13099, 66, 1)
(13359, 67, 1)
(13381, 67, 1)
(13442, 68, 1)
(13482, 68, 1)
(13719, 69, 1)
(13751, 69, 1)
(13881, 70, 1)
(13913, 70, 1)
(13968, 70, 1)
(138960, 696, 1)
(138995, 696, 1)
(139100, 696, 1)
(139108, 696, 1)
(139375, 698, 1)
(139670, 699, 1)
(18868, 95, 1)
(18911, 95, 1)
(40182, 201, 1)
(40617, 204, 1)
(40772, 204, 1)
(95166, 477, 1)
(95299, 477, 1)
(95360, 478, 1)
(95427, 478, 1)
(95494, 478, 1)
(22060, 111, 1)
(22262, 112, 1)
(22637, 114, 1)
(24058, 121, 1)
(24243, 122, 1)
(24249, 122, 1)
(24325, 122, 1)
(24467, 123, 1)
(24470, 123, 1)
(24490, 123, 1)
(24570, 123, 1)
(26376, 132, 1)
(26506, 133, 1)
(26514, 133, 1)
(26894, 135, 1)
(61083, 306, 1)
(61385, 307, 1)
(61602, 309, 1)
(61655, 309, 1)
(61648, 309, 1)
(61676, 309, 1)
(58908, 295, 1)
(184470, 924, 1)
(184582, 924, 1)
(184659, 925, 1)
(184684, 925, 1)
(184867, 926, 1)
(185381, 928, 1)
(195530, 979, 1)
(195726, 980, 1)
(195771, 980, 1)
(72219, 362, 1)
(72347, 362, 1)
(72597, 363, 1)
(72719, 364, 1)
(72753, 364, 1)
(72955, 365, 1)
(72995, 365, 1)
(81062, 406, 1)
(81063, 406, 1)
(81133, 406, 1)
(81265, 407, 1)
(81367, 407, 1)
(81597, 408, 1)
(77857, 390, 1)
(77901, 390, 1)
(109065, 546, 1)
(109110, 546, 1)
(109289, 547, 1)
(109348, 548, 1)
(109752, 550, 1)
(82742, 414, 1)
(82807, 415, 1)
(82833, 415, 1)
(96148, 482, 1)
(96178, 482, 1)
(96288, 482, 1)
(96336, 483, 1)
(96568, 484, 1)
(96884, 485, 1)
(117234, 587, 1)
(116125, 582, 1)
(116144, 582, 1)
(116360, 583, 1)
(116386, 583, 1)
(116407, 583, 1)
(116486, 583, 1)
(116510, 583, 1)
(116543, 584, 1)
(116720, 585, 1)
(116828, 585, 1)
(139949, 701, 1)
(104256, 522, 1)
(104358, 523, 1)
(104558, 524, 1)
(104610, 524, 1)
(104639, 524, 1)
(104810, 525, 1)
(104857, 525, 1)
(136306, 682, 1)
(136470, 683, 1)
(136890, 685, 1)
(140440, 703, 1)
(140488, 703, 1)
(140653, 704, 1)
(140757, 705, 1)
(140881, 705, 1)
(146149, 732, 1)
(146708, 734, 1)
(175980, 881, 1)
(176000, 881, 1)
(176099, 881, 1)
(19051, 96, 1)
(19054, 96, 1)
(19099, 96, 1)
(19184, 96, 1)
(19221, 97, 1)
(19216, 97, 1)
(19226, 97, 1)
(19396, 97, 1)
(19526, 98, 1)
(19841, 100, 1)
(19858, 100, 1)
(19993, 100, 1)
(19992, 100, 1)
(21020, 106, 1)
(21074, 106, 1)
(21294, 107, 1)
(21535, 108, 1)
(21561, 108, 1)
(21616, 109, 1)
(21677, 109, 1)
(21689, 109, 1)
(30057, 151, 1)
(30295, 152, 1)
(30383, 152, 1)
(30615, 154, 1)
(30635, 154, 1)
(30698, 154, 1)
(30696, 154, 1)
(30815, 155, 1)
(52027, 261, 1)
(52090, 261, 1)
(52089, 261, 1)
(52155, 261, 1)
(52250, 262, 1)
(52703, 264, 1)
(42971, 215, 1)
(54035, 271, 1)
(54251, 272, 1)
(54372, 272, 1)
(54429, 273, 1)
(54756, 274, 1)
(54866, 275, 1)
(107138, 537, 1)
(107162, 537, 1)
(107397, 538, 1)
(45751, 229, 1)
(45974, 230, 1)
(53097, 266, 1)
(53584, 268, 1)
(53660, 269, 1)
(53692, 269, 1)
(53720, 269, 1)
(53813, 270, 1)
(115074, 576, 1)
(115192, 577, 1)
(69100, 346, 1)
(69205, 347, 1)
(69223, 347, 1)
(69329, 347, 1)
(69350, 347, 1)
(69348, 347, 1)
(69416, 348, 1)
(69454, 348, 1)
(69531, 348, 1)
(69637, 349, 1)
(69960, 350, 1)
(112959, 566, 1)
(68886, 345, 1)
(103143, 517, 1)
(103461, 518, 1)
(103456, 518, 1)
(103695, 519, 1)
(103760, 520, 1)
(103814, 520, 1)
(123987, 621, 1)
(124169, 622, 1)
(124295, 622, 1)
(76702, 384, 1)
(76719, 384, 1)
(76750, 384, 1)
(76845, 385, 1)
(97949, 491, 1)
(97927, 491, 1)
(98024, 491, 1)
(98252, 492, 1)
(98248, 492, 1)
(98321, 493, 1)
(98351, 493, 1)
(98670, 494, 1)
(98720, 495, 1)
(98807, 495, 1)
(98848, 495, 1)
(98856, 495, 1)
(114276, 572, 1)
(114304, 572, 1)
(83676, 419, 1)
(83672, 419, 1)
(83754, 419, 1)
(87107, 436, 1)
(87083, 436, 1)
(87394, 437, 1)
(87921, 440, 1)
(111233, 557, 1)
(113632, 569, 1)
(113652, 569, 1)
(122068, 611, 1)
(122558, 614, 1)
(122606, 614, 1)
(122860, 615, 1)
(141930, 711, 1)
(141989, 711, 1)
(141957, 711, 1)
(142106, 711, 1)
(131363, 658, 1)
(131577, 659, 1)
(131663, 659, 1)
(131715, 659, 1)
(131729, 660, 1)
(131733, 660, 1)
(131739, 660, 1)
(178933, 896, 1)
(179287, 897, 1)
(179388, 898, 1)
(179502, 898, 1)
(179713, 899, 1)
(183505, 919, 1)
(148441, 743, 1)
(148513, 743, 1)
(148696, 744, 1)
(148725, 745, 1)
(187707, 940, 1)
(188039, 942, 1)
(188192, 942, 1)
(188330, 943, 1)
(197463, 989, 1)
(153166, 767, 1)
(153197, 767, 1)
(153251, 767, 1)
(153554, 769, 1)
(153606, 769, 1)
(153841, 770, 1)
(155989, 781, 1)
(156000, 781, 1)
(156032, 781, 1)
(156028, 781, 1)
(156116, 781, 1)
(156234, 782, 1)
(156327, 783, 1)
(156743, 785, 1)
(158387, 793, 1)
(158399, 793, 1)
(158823, 795, 1)
(158807, 795, 1)
(160215, 802, 1)
(160288, 802, 1)
(160684, 804, 1)
(164934, 826, 1)
(164967, 826, 1)
(164958, 826, 1)
(165069, 826, 1)
(20260, 102, 1)
(20402, 103, 1)
(20507, 103, 1)
(20642, 104, 1)
(20886, 105, 1)
(20939, 105, 1)
(33269, 167, 1)
(33715, 169, 1)
(33751, 169, 1)
(33778, 169, 1)
(28562, 143, 1)
(28718, 144, 1)
(28724, 144, 1)
(28782, 144, 1)
(28798, 144, 1)
(59116, 296, 1)
(59468, 298, 1)
(59745, 299, 1)
(86520, 433, 1)
(86649, 434, 1)
(120980, 606, 1)
(121106, 606, 1)
(121311, 607, 1)
(65017, 326, 1)
(65244, 327, 1)
(65579, 328, 1)
(65590, 328, 1)
(65823, 330, 1)
(65809, 330, 1)
(65922, 330, 1)
(105037, 526, 1)
(105086, 526, 1)
(105352, 528, 1)
(105526, 529, 1)
(105528, 529, 1)
(71181, 356, 1)
(71360, 357, 1)
(71420, 358, 1)
(71531, 358, 1)
(71705, 359, 1)
(71742, 359, 1)
(71951, 360, 1)
(74116, 371, 1)
(74273, 372, 1)
(74423, 373, 1)
(74497, 373, 1)
(74530, 373, 1)
(74694, 374, 1)
(74768, 374, 1)
(74830, 375, 1)
(74886, 375, 1)
(78023, 391, 1)
(78060, 391, 1)
(78193, 391, 1)
(78302, 392, 1)
(78491, 393, 1)
(78917, 395, 1)
(78985, 395, 1)
(91029, 456, 1)
(91142, 457, 1)
(105839, 530, 1)
(149040, 746, 1)
(149073, 746, 1)
(149348, 748, 1)
(149506, 748, 1)
(149551, 749, 1)
(149645, 749, 1)
(198488, 994, 1)
(198583, 994, 1)
(198660, 995, 1)
(198668, 995, 1)
(198684, 995, 1)
(198701, 995, 1)
(198839, 996, 1)
(107661, 539, 1)
(107757, 540, 1)
(120020, 601, 1)
(120055, 601, 1)
(120097, 601, 1)
(120113, 601, 1)
(120516, 603, 1)
(120803, 605, 1)
(120810, 605, 1)
(120850, 605, 1)
(151279, 757, 1)
(124891, 625, 1)
(205443, 1029, 1)
(205545, 1029, 1)
(205608, 1029, 1)
(205637, 1030, 1)
(205902, 1031, 1)
(206035, 1031, 1)
(234534, 1174, 1)
(183779, 920, 1)
(183873, 921, 1)
(183999, 921, 1)
(184026, 921, 1)
(184077, 922, 1)
(184264, 923, 1)
(184387, 923, 1)
(215720, 1080, 1)
(215979, 1081, 1)
(216010, 1081, 1)
(216042, 1082, 1)
(216158, 1082, 1)
(216171, 1082, 1)
(216203, 1082, 1)
(216201, 1082, 1)
(216265, 1083, 1)
(216308, 1083, 1)
(216367, 1083, 1)
(197692, 990, 1)
(197720, 990, 1)
(198088, 992, 1)
(198215, 992, 1)
(199450, 999, 1)
(199677, 1000, 1)
(199944, 1001, 1)
(200131, 1002, 1)
(200136, 1002, 1)
(200291, 1003, 1)
(200349, 1003, 1)
(200390, 1003, 1)
(200403, 1003, 1)
(200398, 1003, 1)
(216452, 1084, 1)
(216575, 1084, 1)
(216814, 1085, 1)
(217007, 1086, 1)
(217413, 1088, 1)
(222516, 1114, 1)
(222837, 1116, 1)
(222913, 1116, 1)
(223105, 1117, 1)
(67094, 336, 1)
(67182, 336, 1)
(67369, 337, 1)
(67498, 338, 1)
(79191, 396, 1)
(79223, 397, 1)
(79384, 397, 1)
(79435, 398, 1)
(79573, 398, 1)
(41020, 206, 1)
(41277, 207, 1)
(41289, 207, 1)
(41408, 208, 1)
(41523, 208, 1)
(41709, 209, 1)
(41788, 209, 1)
(41832, 210, 1)
(44293, 222, 1)
(44298, 222, 1)
(44495, 223, 1)
(44512, 223, 1)
(44525, 223, 1)
(44735, 224, 1)
(52874, 265, 1)
(52927, 265, 1)
(52951, 265, 1)
(52964, 265, 1)
(64054, 321, 1)
(64053, 321, 1)
(64203, 322, 1)
(64545, 323, 1)
(64541, 323, 1)
(64822, 325, 1)
(77342, 387, 1)
(77398, 387, 1)
(63101, 316, 1)
(63094, 316, 1)
(63133, 316, 1)
(63176, 316, 1)
(63175, 316, 1)
(63302, 317, 1)
(63881, 320, 1)
(63971, 320, 1)
(63990, 320, 1)
(68278, 342, 1)
(68363, 342, 1)
(88066, 441, 1)
(88337, 442, 1)
(88356, 442, 1)
(88376, 442, 1)
(88512, 443, 1)
(88604, 444, 1)
(88966, 445, 1)
(93996, 471, 1)
(93985, 471, 1)
(94105, 471, 1)
(94172, 472, 1)
(94212, 472, 1)
(94267, 472, 1)
(94334, 473, 1)
(94338, 473, 1)
(94388, 473, 1)
(94407, 473, 1)
(106648, 534, 1)
(106718, 534, 1)
(207499, 1039, 1)
(207529, 1039, 1)
(207700, 1040, 1)
(207862, 1041, 1)
(208011, 1041, 1)
(221783, 1110, 1)
(108227, 542, 1)
(108248, 542, 1)
(108437, 543, 1)
(108485, 543, 1)
(108537, 544, 1)
(108664, 544, 1)
(108662, 544, 1)
(108676, 544, 1)
(108789, 545, 1)
(186981, 936, 1)
(112478, 563, 1)
(112449, 563, 1)
(112610, 564, 1)
(112762, 565, 1)
(112881, 565, 1)
(130378, 653, 1)
(130902, 655, 1)
(142945, 716, 1)
(147519, 739, 1)
(147539, 739, 1)
(147718, 739, 1)
(178116, 891, 1)
(178321, 893, 1)
(178618, 894, 1)
(178794, 895, 1)
(206556, 1034, 1)
(206607, 1034, 1)
(151687, 759, 1)
(151782, 760, 1)
(151857, 760, 1)
(151881, 760, 1)
(164004, 821, 1)
(164230, 822, 1)
(164530, 824, 1)
(164539, 824, 1)
(164533, 824, 1)
(164855, 825, 1)
(173020, 866, 1)
(182381, 913, 1)
(189457, 949, 1)
(190219, 952, 1)
(190320, 953, 1)
(208551, 1044, 1)
(208595, 1044, 1)
(208588, 1044, 1)
(208688, 1045, 1)
(208867, 1046, 1)
(183150, 917, 1)
(183425, 918, 1)
(219504, 1099, 1)
(219708, 1100, 1)
(219766, 1100, 1)
(219929, 1101, 1)
(219995, 1101, 1)
(220164, 1102, 1)
(220284, 1103, 1)
(220342, 1103, 1)
(232719, 1165, 1)
(232833, 1165, 1)
(223330, 1118, 1)
(223745, 1120, 1)
(223846, 1121, 1)
(224023, 1121, 1)
(224158, 1122, 1)
(226578, 1134, 1)
(226879, 1136, 1)
(226885, 1136, 1)
(226914, 1136, 1)
(39043, 196, 1)
(39021, 196, 1)
(39062, 196, 1)
(39126, 196, 1)
(39251, 197, 1)
(39272, 197, 1)
(39297, 197, 1)
(39402, 198, 1)
(39475, 198, 1)
(39509, 198, 1)
(39687, 199, 1)
(39794, 199, 1)
(39877, 200, 1)
(57161, 286, 1)
(57447, 288, 1)
(43884, 220, 1)
(55015, 276, 1)
(55195, 276, 1)
(55214, 277, 1)
(55259, 277, 1)
(55271, 277, 1)
(55637, 279, 1)
(55670, 279, 1)
(55677, 279, 1)
(55811, 280, 1)
(55830, 280, 1)
(55921, 280, 1)
(101315, 507, 1)
(101438, 508, 1)
(137043, 686, 1)
(137041, 686, 1)
(137149, 687, 1)
(137204, 687, 1)
(137193, 687, 1)
(137331, 688, 1)
(137572, 689, 1)
(137715, 689, 1)
(147069, 736, 1)
(147181, 737, 1)
(147249, 737, 1)
(147292, 737, 1)
(147305, 737, 1)
(165161, 827, 1)
(165236, 827, 1)
(180032, 901, 1)
(180117, 901, 1)
(180640, 904, 1)
(180697, 904, 1)
(211117, 1057, 1)
(224455, 1124, 1)
(224456, 1124, 1)
(224805, 1125, 1)
(225113, 1127, 1)
(225236, 1127, 1)
(233455, 1169, 1)
(233519, 1169, 1)
(233558, 1169, 1)
(233681, 1170, 1)
(233737, 1170, 1)
(233787, 1170, 1)
(220987, 1106, 1)
(221005, 1106, 1)
(221206, 1107, 1)
(221332, 1108, 1)
(236722, 1185, 1)
(236956, 1186, 1)
(237164, 1187, 1)
(237187, 1187, 1)
(237312, 1188, 1)
(238493, 1194, 1)
(123062, 616, 1)
(123310, 617, 1)
(123319, 618, 1)
(123395, 618, 1)
(123410, 618, 1)
(123419, 618, 1)
(123729, 620, 1)
