9
79
156
237
380
506
565
621
688
739
874
4902
4923
4994
5177
5192
5223
5259
5260
5298
5284
5330
5357
5521
5543
5568
5631
5619
5727
5753
5807
5813
5846
60406
60414
60482
60608
60648
60701
60731
60827
60955
61023
61059
61077
61082
61187
61212
61215
61248
61303
64310
64380
64456
64467
64574
64571
64663
64699
64698
64866
64998
65097
65189
78534
78554
78573
78605
78603
78611
78746
78944
78962
78972
78977
79022
79061
79088
79117
79140
79162
79164
79175
79163
79407
79520
79586
79610
79638
79648
79661
79663
79769
79826
79834
79837
79849
79863
79892
79917
79929
92586
92600
92610
92630
92646
92650
92798
92796
92849
92993
93094
93316
93437
93451
93491
97470
97508
97520
97532
97535
97548
97555
97575
97597
97603
97589
97605
97630
97722
97741
97835
97841
97856
97868
97876
98009
98137
98143
98188
98258
98317
98352
104375
104412
104434
104454
104493
104534
104539
104544
104795
104811
104860
104882
104888
104903
104966
104982
105024
105060
105086
105109
105172
105220
111159
111154
111208
111241
111344
111450
111522
111555
111582
111633
111692
111716
111764
111827
111846
111860
111943
112052
112722
112787
112822
112815
112836
112917
113044
113096
113106
113155
113164
113190
113221
113229
113327
113345
113500
113562
113623
113679
113879
113925
113947
113998
114041
139408
139513
139567
139600
139602
139802
139819
139830
139868
139895
139968
140027
140130
140197
140305
140331
140370
140463
140525
140635
140637
140700
140707
140747
140767
140801
230898
231010
231042
231213
231229
231251
231271
231294
231334
231372
231513
231567
231569
231612
231617
231630
231863
231888
231898
231920
232021
232047
232117
232223
232353
232488
232512
232597
232660
232703
232807
232798
3935
3978
4000
4066
4065
4116
4113
4154
4211
4360
4481
4487
4494
4575
4761
4827
4891
21591
21596
21689
21691
21702
21771
21792
21779
21897
21991
22005
22047
22049
22269
22305
22346
22394
22410
22497
22517
114116
114151
114175
114177
114365
114392
114450
114505
114577
114709
114817
114840
114827
114850
114866
114961
114995
115020
220192
220259
220335
220382
220451
220512
220528
220589
220616
220673
220752
220785
220813
220888
220943
220975
221045
221052
221057
116061
116290
116419
116455
116468
116486
116496
116510
116543
116575
116584
116733
116780
117083
117080
117144
117224
117216
117336
117490
117538
117690
117819
117844
117945
117971
121796
121868
121917
121941
122104
122087
122129
122144
122207
122216
122298
122387
122458
122486
122605
122672
125644
125770
125859
125914
125931
125989
125998
126012
126074
127627
127853
127889
127898
128094
128220
128246
128258
128256
128279
128463
128539
129659
129716
129714
129730
129777
129813
129850
129854
129820
129892
129959
129963
129998
130100
130137
130138
130186
130221
130245
145247
145346
145352
145474
145619
145663
145711
145823
145812
145845
146037
146153
146276
146381
146418
146448
146513
146579
146677
146759
146907
146938
147010
147120
147221
147238
147348
147378
147401
147562
147568
147627
147635
147668
147680
147675
147705
147757
147804
147856
147887
147943
147951
147961
148013
148103
148162
149180
149252
149337
149424
149454
149500
149568
149584
149610
149661
149744
149774
149885
149904
150001
150063
150084
240851
240927
240917
240936
241034
241088
241101
241174
241230
241252
241270
241263
241413
611556
611629
611621
611685
611732
611767
611837
611956
611992
612205
612340
612455
9806
9827
9892
9949
9989
10047
10215
10207
10408
10431
10422
10488
10492
10651
10692
10744
10767
11785
11839
12006
12030
12046
12134
12147
12199
12259
12263
12285
12275
12299
12362
12384
12397
12465
12545
12657
12687
12702
35732
35833
35822
35911
35928
35959
35979
36038
36032
52729
52778
52805
52862
52899
52920
52979
53069
53079
53167
53215
53230
53352
53358
53363
53470
53569
53601
42974
43037
43126
43156
43185
43217
43258
43303
43335
43357
43397
43412
43550
43590
43607
43712
43723
43755
43795
43801
43805
43867
154891
154908
155002
155007
155033
155169
155177
155242
155329
155392
155453
155454
155490
155627
155674
155700
155765
155795
69348
69339
69497
69579
69618
69704
69743
69750
69815
69976
69975
70050
70064
72168
72260
72400
72399
72477
72516
72604
72689
72719
72733
72802
72790
72943
73046
73095
73104
246051
246199
246216
246219
246237
246234
246282
246307
246320
252458
252466
252540
252633
252640
252704
252759
252773
252923
252959
252977
252986
253045
253080
253113
253164
253162
253156
253203
253202
343425
343437
343472
343708
460680
460684
460732
460817
460863
460897
460968
460999
461017
461142
461183
461270
461286
461284
461311
461448
408591
408622
408661
408746
408782
408889
408930
409008
411036
411094
411137
411196
411297
411322
411367
411410
411414
411522
411707
411714
411857
411963
411966
447188
447463
447468
447502
447497
447594
447640
447799
447811
447846
447876
447903
447922
447940
447955
452000
452065
452188
452297
452575
452604
452610
452703
452736
43916
43948
44018
44082
44112
44116
44127
44172
44285
44330
44392
44429
44541
44575
44669
44672
44698
44785
44839
44871
172503
172520
172590
172702
172775
172824
172839
172845
172877
172927
172964
172975
50389
50424
50507
50561
50550
50613
50620
50704
57809
57943
57945
58115
58117
58230
58262
58289
58388
58395
58528
58590
58600
54706
54850
54868
54870
54948
55045
55051
55084
55150
55141
55178
55183
55339
55382
55433
55403
55550
55571
55589
55599
55656
55653
150949
150974
151022
151049
151085
151153
151170
151200
151248
55732
55722
55733
55805
55818
55824
55836
55844
55845
55922
56024
56055
56046
56079
56102
56161
56173
56203
56215
56239
56278
56317
56351
56325
56346
56488
56509
56542
56547
56594
163824
163849
163963
164093
164083
164058
164148
164197
164213
164331
164347
164352
164373
164440
164518
164546
164575
170531
170537
170568
170591
170633
170653
170686
170775
170782
170904
170962
170970
171068
171063
171218
171241
171281
171302
171356
171376
171367
171466
174490
174552
174575
174588
174700
174707
174710
174751
174830
174828
174849
183762
183811
183927
192888
192892
192997
193049
193108
193164
193256
193346
193420
193404
193452
193571
193586
193650
193669
193771
193806
193829
277575
277606
277771
277773
277811
277929
277935
277962
278167
278181
278239
278245
278243
278404
278411
278450
278454
278490
278488
278496
278509
288365
288393
288448
288455
288582
288680
288719
288779
293275
293338
293437
293528
293544
293545
293636
293958
294054
294066
294145
294162
294193
294192
297210
297351
297376
297492
297486
297493
297632
421002
421101
421147
421267
421350
421437
421468
421458
421531
421523
421595
421647
421662
421660
421671
421704
421701
421775
96936
96952
96978
97097
97230
97269
97327
97356
97370
101384
101433
101465
101541
101566
101567
101644
101746
101758
101817
101872
101984
102048
102077
102091
102105
102108
102147
102157
102158
102194
102258
105256
105320
105392
105414
105592
105669
105715
105721
105795
105803
105937
105944
105988
106020
106094
106170
106172
106297
106308
106351
106363
106405
115098
115133
115153
115174
115194
115235
115238
115280
115286
115336
115343
115402
115425
115424
115483
115631
115823
115957
115987
122701
122803
122835
122855
122879
122917
123012
123013
123119
123261
123312
123474
123601
123687
123695
123702
123700
123745
123725
123778
123864
123877
123908
123886
123941
124013
124075
124093
124213
124197
124295
124360
124356
124363
124412
124515
124495
124585
126639
126645
126649
126718
126720
126818
126871
126955
127000
127017
127046
127143
127163
127182
127334
127475
127449
127546
131581
131604
131698
131776
131802
131851
131892
131946
132121
132136
132182
132202
132224
132214
132281
132373
132399
132414
150185
150249
150378
150406
150499
150506
150516
150631
150750
150761
150825
150914
211357
211402
211430
211427
211432
211515
211550
211599
211622
211654
211675
211683
211711
211726
211805
211810
211887
211944
211987
212017
212002
212029
212134
212165
212178
212814
212927
212938
212990
213196
213226
213230
213217
215241
215250
215272
215325
215338
215488
215555
215642
215733
215762
215989
215987
216047
216080
216086
234393
234415
234441
234449
234475
234602
234671
234735
234756
235900
235907
235925
235948
235999
236010
236055
236153
236184
236216
236265
236341
236366
236449
236486
236559
236650
236721
236728
237772
237788
237792
237796
237930
237934
237931
237981
237992
238064
238171
238192
238236
238267
238333
238373
238439
238485
238501
238532
238547
238635
238656
238691
238703
238716
239768
239918
239933
239996
240039
240017
240106
120744
120815
121110
121135
121159
121275
121377
121500
121603
124673
124703
124713
124722
124761
124773
124960
125037
125143
125258
125271
125288
125305
125338
125401
125438
179350
179357
179364
179472
179528
179739
179732
179784
179844
180002
180084
180223
183131
183147
183162
183216
183243
183248
183235
183300
183328
183356
183355
183364
183399
183425
183506
183520
217178
217202
217213
217260
217284
217366
217558
217615
217680
217675
217696
217736
217747
217846
217975
217991
217998
217995
217994
218117
218165
218198
218329
218355
218412
218440
218536
218574
218706
218758
218883
218872
218941
218997
219099
219120
219129
325400
325453
325588
325615
325595
325662
325692
325705
325674
325747
325796
325811
325833
325836
325857
325917
325978
325993
326002
326069
326098
326189
326202
326197
326254
326259
333016
333043
333059
333143
333212
333210
333274
333273
333329
333383
333389
333437
333473
333481
333521
333551
333617
333633
333686
333714
333715
333753
333780
333828
333841
333875
333927
333973
335971
335975
336040
336153
336149
336249
336312
336338
336366
336407
336502
336617
336640
336662
336674
336688
336697
336703
336729
336724
336876
344797
344787
344798
344850
344928
344936
344992
345046
345083
345179
345199
336940
336963
337009
337196
337205
337208
337388
337446
337482
337605
337612
337685
337834
337847
337924
337937
338066
338208
338219
338300
338401
338460
338503
338574
338584
338593
338604
338675
338770
338796
338809
338833
338884
440242
440287
440261
440468
440489
440496
440544
440603
440616
440672
440682
440818
440930
440989
441066
441164
441186
446197
446229
446250
446267
446496
446553
446672
446694
446859
446961
446975
447005
447053
527880
527893
527947
528007
528166
528216
528219
528264
528398
528463
528498
528515
528551
528563
528589
528622
528619
528642
528670
528778
528850
528901
528913
528950
529159
529179
529182
529210
529263
529421
529456
529515
529640
529645
529681
187564
187707
187825
187849
187862
187906
187901
191909
192050
192087
192115
192172
192241
192223
192247
192277
192310
192460
192462
192523
192607
192623
192678
192781
242060
242086
242149
242172
242209
242226
242270
242323
242339
242387
242395
242454
247533
247591
247587
247594
247654
247690
247697
247769
247857
247970
248014
248325
248326
251347
251369
251469
251623
251635
251653
251700
251763
251901
251922
251924
251921
251944
251951
252024
252118
252233
252260
255238
255290
255479
255484
255564
255568
255690
255711
255730
255819
255921
255927
255959
255980
256170
299604
299630
299809
299838
299846
299868
299875
299869
299882
299901
299935
300060
300104
300118
300119
300190
300255
300300
300290
300370
300385
300410
300472
300544
300558
300693
300722
300730
300757
300892
300939
483958
484061
484070
484109
484154
484174
484186
484262
484410
484424
484438
484491
484497
484665
484699
484749
484758
484769
484804
484887
488919
488981
488995
489040
489153
489185
489224
489286
489343
489507
489566
489617
489630
489676
489677
489700
489712
489779
496251
496329
496481
496531
496561
496585
496562
496622
519080
519207
519262
519393
519482
519492
519521
519595
519693
519790
519883
519951
519987
520000
520005
500138
500145
500182
500205
500281
500325
500396
500514
500561
504539
504601
504604
504620
504649
504650
504656
504670
504753
504788
504805
504815
504909
504927
505134
505172
505167
505337
505463
505499
598139
598218
598311
598359
598432
598442
598613
598624
598646
598816
598832
598918
598936
598940
599059
599103
599316
599478
599485
599546
599560
599642
599684
599689
599707
599786
599898
599899
599967
256777
256903
256976
257021
257122
257119
257129
257154
258153
258177
258196
258221
258228
258238
258264
258267
258304
258334
258412
258500
258519
258556
258559
258731
258758
258779
258884
258956
258986
258999
259013
259071
462646
462683
462743
462803
462812
462832
462955
462993
463010
463079
463086
463125
463148
463290
463307
463325
463346
479257
479347
479355
479377
479389
479467
479547
479567
479666
479677
479789
479825
479888
479937
479991
480016
480110
480107
480175
564941
565139
565158
565159
565185
565297
565309
565363
565415
565442
565554
565581
565775
565811
565864
567887
567884
567932
568033
568039
568060
568079
568177
568268
568400
568414
568416
568442
568464
568536
568542
568567
568595
568627
568625
568644
568761
568799
309210
309220
309209
309411
309471
309454
309498
309589
309686
309678
315584
315740
315770
315794
315833
315827
315869
316013
316009
316039
316063
316070
316100
316199
316264
316305
316416
316533
316541
316545
309788
309799
309815
309904
309925
309921
310005
310021
310081
310126
310147
310153
310187
310198
310229
310293
310302
310291
310365
310392
310469
310518
310511
310608
310607
324451
324696
324734
324740
324829
324919
324920
324958
324959
325087
325103
325104
325145
325259
325286
325366
329345
329408
329436
329417
329455
329474
329484
329461
329493
329561
329623
329645
329680
329699
329779
329802
330031
330042
330074
330153
330187
330180
330189
330229
342819
342823
342824
342836
342884
342935
343199
343286
387727
387919
387947
387988
388117
388138
388180
388269
388271
388332
388339
388417
388416
388442
388487
388501
388602
389689
389772
389830
389845
389863
389895
389929
389935
389942
389956
390109
390128
390148
455725
456003
456056
456074
456120
456138
456144
456159
456175
456264
456267
456299
456330
456318
456387
456421
456458
456464
456488
456521
456565
456643
459720
459750
459755
459801
459814
459958
460010
460052
460071
460155
460162
460319
460335
460362
460381
460402
460442
540763
540814
540866
541059
541081
541095
541150
541153
541223
541234
541243
541320
541372
541433
541565
546347
546388
546369
546387
546414
546480
546547
546711
546714
546724
575499
575548
575557
575606
575649
575703
575791
575830
576058
576144
576190
576233
576231
576314
576443
576439
576455
577462
577504
577527
577649
577648
577651
577739
577851
577865
600506
600665
600662
600677
600719
600819
600921
600933
601001
601022
601055
601192
601214
601217
601260
601319
601324
601380
601475
601509
601560
601690
601720
601832
601827
15695
15778
15800
15817
15843
15883
15914
15946
15950
16133
16135
16205
16219
16339
16513
16588
16613
16630
81968
81974
81996
82010
82009
82035
82060
82063
82114
82105
82251
82275
82302
82319
82466
82474
82665
82828
83027
83081
83156
83226
83367
83382
83422
83492
83501
83545
83601
83604
83602
83662
83651
83743
83746
83763
83807
83876
88811
88856
89015
89046
89072
89096
89132
89189
89219
89311
89307
89322
89337
89451
89582
89593
89693
89695
89705
89709
89724
89726
89750
89761
90626
90650
90651
90685
90748
90798
90807
90946
90975
90983
91032
91103
91115
91126
91127
91151
91276
91389
143775
143819
143981
144007
144041
144070
144161
229924
229942
229940
230158
230183
230297
230320
230328
230342
230343
230369
230373
230404
230521
230561
230638
230682
230691
230751
230860
230865
194867
194896
194919
194937
195006
195055
195065
195225
195235
195245
195507
195532
195587
195641
195664
195703
195760
195810
195801
204643
204833
204889
204977
204987
205034
205066
205063
205090
205180
205295
205472
205579
221125
221123
221268
221309
221312
221460
221485
221521
221561
221614
221653
221657
221777
221796
221803
221868
221911
221914
221949
221964
221958
221986
222015
222020
222064
228940
229027
229022
229077
229141
229139
229276
229323
229253
229344
229401
229411
229482
229518
229625
229733
229742
229788
229804
229866
229901
297659
297765
297812
297844
297940
297964
297977
298137
298215
298234
298375
298387
298400
298522
298564
298630
298635
298729
298754
298792
298874
298911
298943
299008
299040
299056
299065
604844
604955
604973
605030
605075
605132
605226
605251
605296
605439
605489
605497
605524
605586
605643
605718
605812
605883
605899
605941
606112
606144
610657
610699
610714
610843
610855
610919
611147
611170
611224
611284
611309
611306
611324
611405
611460
611470
28061
28091
28110
28164
28165
28187
28250
28351
28364
28380
28394
28401
547260
547269
547286
547316
547464
547486
547505
547527
547546
547659
547677
547767
547784
547802
547875
547884
547911
548086
548121
548198
30305
30410
30531
30591
30575
30598
30750
30804
30833
30877
30890
30930
30994
31008
31024
31130
31138
59618
59763
59765
59774
59847
59853
59989
60087
60093
32281
32398
32440
32468
32475
32521
32515
32576
32605
32657
32699
32698
32719
32734
32900
32949
33034
33037
33112
33122
48001
48019
48110
48135
48231
48256
161227
161314
161525
161692
168590
168594
168708
168721
168729
168725
168747
168765
168966
169038
169058
169078
169158
169174
169223
169238
169324
169402
169404
169443
169459
169486
165151
165175
165209
165329
165394
165425
165568
165576
165666
165712
165718
165745
165764
165951
166026
166039
166061
166093
166136
166158
166273
166286
166320
166323
166363
166464
166467
166489
176513
176519
176531
176690
176678
176796
176802
176820
176848
176963
176962
176985
177023
177153
177165
177181
177205
177370
241531
241579
241631
241721
241744
241750
241826
241888
241918
210562
210668
210779
210793
210955
211162
257192
257196
257206
257214
257217
257279
257273
257410
257534
257553
257584
257691
258006
219155
219154
219178
219198
219286
219366
219370
219498
219511
219507
219529
219615
219685
219710
219848
219858
219968
219987
220070
228025
228039
228124
228159
228152
228331
228339
228340
228384
228389
294293
294308
294333
294344
294414
294521
294522
294545
294648
294697
294754
294725
294793
294803
294875
294894
295082
295109
295171
301086
301150
301147
301246
301272
301288
301293
301298
301337
301353
301372
301409
301518
301558
301596
301621
301650
301662
301682
301700
301791
301833
606178
606225
606228
606241
606421
606469
606505
606506
606586
606609
606649
606641
606652
606689
606796
606982
607046
607228
607238
607237
607302
607289
607504
607541
607550
607565
607571
607636
607729
607776
607783
607799
607834
607893
607940
607951
607959
608029
608067
608100
608094
608154
608158
608357
608356
608352
608395
608404
608423
608477
608600
608680
608762
608856
609050
609153
609171
609188
609200
609343
609405
609436
609508
609546
609539
609560
609660
609687
609762
609787
609788
609816
609829
609815
609873
609844
609881
609999
610073
610083
610091
610146
610167
610189
610198
610279
610333
610391
610474
28432
28455
28576
28579
28728
28881
28989
29004
29010
29032
29016
29040
29126
29139
29194
29259
29299
29352
29372
39125
39131
39156
39172
39162
39187
39241
39273
39353
39387
39366
39413
39565
39678
39724
39755
39729
39841
39956
42020
42053
42081
42112
42127
42150
42160
42217
42304
42293
42326
42378
42390
42449
42480
42520
42572
42700
42772
42813
42811
51760
51858
52063
52183
52294
52298
52305
52327
52347
52393
52491
52516
52560
52586
52606
52667
52688
52724
186025
186057
186085
186339
186414
186403
186445
186523
186550
186651
186682
186741
186848
186892
186900
186926
186980
189974
189977
190208
190382
190379
190393
303824
303912
303929
304038
304096
304146
304159
304217
304352
304365
304441
304448
304466
304538
304573
304572
304617
304744
304790
311680
311742
311830
311878
311946
312008
312015
312031
312068
312086
312110
330285
330293
330440
330450
330457
330459
330558
330548
330586
330762
330806
331228
332052
332068
332092
332207
332309
332349
332350
332491
332496
398966
398964
398963
399155
399250
400269
400297
400342
400341
400464
400515
400574
400604
400744
400770
400754
400889
400934
400931
400935
401009
401104
401125
401117
401133
401122
401148
401171
401191
487424
487505
487658
487675
487681
487716
487773
487812
487821
487838
487840
487851
487836
487964
487953
488015
488016
488076
488097
488127
488201
488367
488399
488528
488558
488592
488666
488693
488774
488826
574514
574559
574583
574603
574620
574626
574731
574773
574758
574800
574808
574814
574859
574997
575022
575027
575031
575151
575209
575216
575339
575356
575473
575429
576534
576536
576556
576565
576583
576595
576675
576688
576984
577043
577070
577135
577140
577242
577336
577361
577375
577398
40969
41026
41073
41135
41160
41241
41270
41377
41443
41510
41564
41600
41631
41716
41791
41796
41862
41892
41940
46897
46931
46965
47013
47056
47093
47198
47245
47340
47486
47572
47674
47796
98438
98548
98550
98571
98607
98670
98688
98770
98810
98866
98903
98948
98964
98982
99023
99009
99073
99074
99082
99157
99176
99178
99196
99194
99193
99211
99246
100423
100461
100684
100886
100885
100896
100966
100984
100988
101033
101128
101126
101171
101217
101259
101252
101292
101301
101315
101324
438950
438954
438959
438996
439057
439084
439102
439116
439149
439451
439467
439510
439572
439600
439594
439619
439657
439670
439746
439758
439761
439840
439852
439872
439888
439977
440081
440157
440169
440229
442239
442272
442286
442327
442358
442383
442386
442496
442529
442572
442570
442612
442625
442640
442657
442691
442703
442822
442818
442889
442914
442923
442943
442940
442935
443008
443041
443037
443075
443118
443184
443203
443281
443289
443296
443330
443426
443451
443495
443592
443647
443681
443686
443685
443787
443874
443859
443876
443881
444046
444047
444071
493827
493843
493850
493961
493960
493966
494010
494019
494085
494167
494185
494206
494299
494371
494377
494386
494457
494479
494494
494542
494593
494592
494597
505653
505676
505711
505751
505810
505896
505931
505971
506013
506087
506092
506121
506168
506226
506291
506327
506350
506398
506434
506480
511385
511404
511424
511515
511511
511599
511679
511746
511747
511838
511861
511896
511909
511888
511918
511920
511952
511971
512089
512209
512247
512239
512265
512296
512298
512386
512398
512407
512568
512640
512684
512717
512797
512815
512830
512862
513063
587245
587288
587420
587408
587427
587413
587567
587576
587781
587792
587799
587991
587997
588025
588062
588153
588191
589206
589205
589208
589255
589338
589512
589616
589642
589655
589680
589695
589772
589807
589828
589859
589904
589926
590064
590071
590196
590310
590325
590414
590433
590470
590536
590550
590557
590570
590643
590784
590851
590867
590883
590937
590978
591040
591066
591075
591127
591121
591137
591147
595289
595305
595325
595333
595338
595424
595534
595577
595618
595658
595723
595811
595889
595971
595997
595985
53739
53817
54145
54177
54204
54265
54334
54354
54473
54483
54587
54670
56677
56676
56682
56700
56761
56767
56835
56873
57063
57125
57163
57182
57265
57267
57279
57362
57418
57441
57506
57551
57576
207653
207687
207688
207668
207724
207740
207889
207957
208007
208078
208172
208312
208429
208436
208462
208530
291290
291296
291283
291321
291332
291390
291524
291517
291554
291558
291591
291665
291730
291797
291822
291982
292007
292058
292099
292097
292154
209567
209626
209672
209720
209731
209787
209816
209880
209917
210002
210095
210361
210476
210505
299195
299212
299243
299367
299412
299423
299450
299472
299500
299555
299546
304845
304862
304893
304911
304994
304985
305049
305108
305113
305268
305353
305409
305374
305479
305578
305601
305735
310719
310720
310685
310730
310819
310847
310854
310959
311055
311101
311151
311189
311305
311446
322539
322543
322566
322645
322803
322853
322858
322944
323019
323060
323167
323205
323203
323318
323393
359477
359489
359569
359582
359597
359661
359706
359730
359753
359762
359773
359843
359838
359921
359990
360102
360126
346758
346762
346812
346824
346818
346894
346930
347040
347076
347204
347193
347233
347241
347262
347295
347309
347410
347454
347612
347689
347749
347819
347850
347849
347842
347936
347935
347944
347990
347998
348198
348213
348369
348385
348442
348465
348617
403296
403299
403378
403487
403594
403649
403673
403718
403763
403846
403884
403915
403923
403928
404013
404121
404139
405160
405183
405196
405217
405370
405396
405472
405474
405538
405558
405564
417452
417487
417520
417567
417559
417639
417749
417817
426681
426699
426701
426774
426862
426863
426899
426939
427126
427175
427230
427251
427337
522025
522086
522087
522071
522143
522160
522204
522217
522234
522361
522382
522456
522520
522685
522686
522674
522697
522752
522938
526927
526960
527005
527087
527127
527188
527342
591162
591156
591175
591228
591234
591253
591314
591349
591364
591425
591433
591572
591593
591612
591618
591635
591640
591679
591676
591687
591902
591920
591945
591987
592001
592122
593150
593382
593390
593510
593526
593556
593577
593586
593621
593685
593701
593733
593743
593747
593804
594032
118023
118077
118150
118170
118182
118210
118225
118254
118289
118292
118307
118312
118316
118355
118695
118746
118800
118980
119020
119049
119148
119171
119347
119522
119568
119579
119583
119599
119728
119710
119857
119897
119909
284462
284464
284536
284550
284559
284569
284607
284788
284799
284829
284826
284960
284991
285005
284994
285013
285034
285087
285069
285126
285256
285364
287358
287434
287572
287607
287613
287682
287825
287866
287906
288057
288063
288105
288188
288261
326393
326399
326414
326438
326445
326446
326479
326529
326533
326517
326635
326666
326756
326839
326836
326898
326924
326937
327021
327038
327090
327127
327137
327156
327297
327300
382916
383025
383113
383167
383217
383229
383272
383372
383508
383526
383632
383650
383677
383711
383752
383774
383778
331268
331366
331397
331429
331552
331568
331771
331827
331916
331928
331951
331982
332034
396400
396403
396453
396484
396526
396574
396570
396722
396743
396868
396916
396932
396957
396977
397083
397134
397138
397253
334013
334082
334172
334202
334257
334260
334354
334397
334426
334441
334457
334616
334655
334806
334897
341979
342085
342098
342107
342129
342165
342205
342230
342248
342263
342324
342336
342467
342501
342522
342607
342632
342720
342736
342767
340869
340966
340980
341000
341187
341208
341277
341357
341414
341432
341468
341635
341713
341729
341780
341767
341809
341831
501596
501703
501765
501793
501826
501912
501922
501933
501951
502012
502119
502180
502176
502224
502349
502400
502405
502454
502486
373052
373063
373081
373123
373134
373164
373171
373217
373227
373249
373291
373334
373405
373400
373437
373567
373604
373673
373690
373692
373899
373907
373971
380992
381111
381164
381232
381324
381399
381412
381549
381670
381688
381707
381761
381762
381787
384796
384833
384913
384925
384970
384968
384994
385046
385141
385333
385348
385431
385451
385549
385639
385624
385678
385720
431471
431565
431571
431620
431636
431632
431647
431759
431838
431836
431877
431932
431987
432033
432020
432065
432073
432074
432280
432386
433380
433401
433421
433533
433545
433604
433605
433622
433726
433766
433792
433838
495215
495313
495448
495451
495502
495512
495513
495683
497670
497690
497732
497761
497795
497820
497897
497908
497928
497936
497964
497998
498007
498119
498210
498233
498240
498269
498335
498387
498460
498510
498532
498563
498628
540097
540153
540288
540294
540320
540350
540444
540526
540537
540584
554143
554186
554184
554217
554237
554240
554241
554378
554366
554351
554448
554510
554529
554573
554569
554730
554759
554796
554852
554872
554893
554992
555000
555012
555015
555062
151434
151429
151455
151493
151521
151754
151832
151821
151858
152886
152929
152934
153069
153122
153139
153187
153215
153226
153279
153286
153298
153314
153329
153402
153464
153482
153587
153704
153734
153786
153808
153827
153845
153861
182101
182116
182135
182146
182141
182184
182367
182382
182390
182487
182515
182546
182563
182636
182640
182708
182738
182724
182753
182784
182880
182934
182944
182961
182992
182988
183011
183037
183069
202705
202762
202795
202807
202928
203067
332607
332618
332625
332622
332796
332916
332931
409096
409137
409230
409272
409408
409445
409457
409460
409484
409496
409499
409507
409586
409653
409696
409685
409795
409830
409929
410035
352722
352714
352757
352951
352957
352973
352970
353005
353076
353117
353154
353356
353452
353507
353595
357533
357646
357803
357908
357929
357963
358143
358184
358229
358269
358344
358356
358366
358434
362307
362395
362494
362538
362613
362624
362632
362696
363017
363015
363037
371068
371137
371228
371237
371292
371294
371332
371340
371424
371415
371429
371540
371571
371591
371666
371711
371722
371707
421842
421875
421926
422017
422051
422082
422084
422139
422294
422322
422398
422424
422425
422439
422471
422492
422520
422585
424624
424637
424639
424705
424833
424882
424946
424972
425004
425070
425067
425076
425093
425197
425224
425251
425417
425459
448112
448184
448277
448362
448564
448585
448867
448873
449002
449014
458659
458728
458738
458760
458792
458841
458898
458968
458989
459105
459140
459201
459264
459265
459337
459424
459461
459470
459488
459502
516209
516205
516237
516241
516234
516261
516315
516338
516357
516370
516436
516508
516553
516548
516600
516671
516734
516813
516887
517006
517061
531798
531826
531858
531877
531893
531942
531961
531986
532025
532088
532166
532171
532243
522959
523022
523055
523216
523211
523280
523426
523709
523770
523777
523921
184070
184127
184232
184311
184314
184343
184391
184438
184428
184454
184475
184479
184498
184557
184645
184789
184879
184922
184923
184929
184990
195837
195873
195925
195938
195941
195986
196062
196072
196138
196321
196335
196353
196424
196440
196482
196488
196509
196529
196637
196679
246385
246415
246441
246457
246499
246542
246582
246629
246714
246767
246774
246968
246984
246991
247024
247054
247086
247166
247167
247173
247186
247187
247210
247273
247266
247268
247321
266971
266974
267004
267038
267055
267101
267133
267195
267199
267296
267359
267405
358590
358626
358673
358719
358829
358902
358905
358972
359049
359041
359058
359090
359105
359151
359346
359411
360478
360492
360540
360571
360777
360814
360990
361020
361130
361177
361192
361208
361378
361382
364187
364239
364238
364344
364478
364514
364575
364608
364636
364686
364754
364810
364841
364878
364911
364962
364964
364984
364981
364997
365089
365097
365153
368182
368328
368416
368418
368447
368571
368563
368639
368734
368813
368916
368952
368969
368968
369040
369075
375047
375077
375086
375074
375079
375288
375544
375578
375631
375657
375768
375810
375819
375886
420428
420500
420547
420555
420548
420542
420675
420683
420744
429629
429674
429687
429781
429835
429854
429862
429896
429988
429990
430064
430091
430193
430303
430311
430364
444221
444223
444244
444261
444288
444321
444453
444446
444496
444507
444513
444569
444632
444714
444740
444837
444885
444901
444915
444918
444932
445083
445119
461604
461745
461811
461872
461916
461934
462028
462030
462122
462145
462299
462315
462326
462357
462407
462471
464587
464664
464752
464778
464787
464893
464938
464969
465120
465190
465235
465258
465303
465310
465369
465377
465402
465392
465431
465427
465481
561124
561141
561143
561190
561309
561331
561364
561380
561522
561607
561684
561713
561902
561987
562099
562075
562339
562370
562429
581385
581389
581418
581424
581447
581513
581579
581623
581762
581772
581915
582051
582297
582309
582328
586907
586992
587156
587192
587220
588239
588235
588256
588337
588376
588400
588431
588449
588584
588602
588640
588740
588746
588826
588903
588948
589037
589044
589068
589162
227495
227498
227566
227591
227626
227682
227719
227809
227906
227911
227913
234826
234880
234921
235057
235052
235082
235220
235335
235467
235521
235542
235549
235583
235591
235590
235613
235620
235616
235631
235637
235642
235691
235726
235765
228461
228530
228601
228602
228642
228678
228689
228687
228843
228901
228934
236799
236813
236921
236932
236968
237015
237074
237133
237302
237308
237380
237410
237418
237434
237463
237498
237602
477356
477399
477447
477462
477536
477685
477690
477715
477722
477886
477956
477998
478043
478091
478120
482993
483075
483094
483097
483244
483255
483268
483327
483355
483376
483401
483450
480337
480429
480480
480502
480616
480690
480755
480789
480798
480856
480860
480885
480886
480919
480930
480939
480961
480972
481008
481082
481164
481199
481213
481272
481385
481437
481467
481492
481496
481516
481653
481651
481709
481717
481777
481780
481836
481847
481860
481986
482009
482019
482026
482023
482053
482078
482121
482140
482166
482169
502674
502741
502772
502830
502877
502890
502972
503001
503066
503099
503121
503349
503356
503389
503513
503579
503692
503884
503900
504002
504035
504056
504191
504339
504350
504399
527373
527375
527376
527436
527458
527471
527550
527623
527685
527719
527720
534755
534802
534993
535010
535150
535160
535223
535263
535461
535473
535637
535711
535721
535757
535762
535763
535871
536121
536153
536236
536265
536266
536293
536455
536511
544317
544345
544454
544544
544568
544604
544607
544660
544763
556163
556175
556190
556208
556240
556237
556386
556458
556502
556483
556648
556668
556678
556740
556848
556876
557023
564005
564218
564336
564349
564354
564379
564449
564457
564484
564489
564519
564515
564566
564587
564605
564632
564648
564853
564885
570810
570925
570924
571073
571179
571250
571256
571354
571417
571449
571506
571515
571659
571711
571743
571857
571866
571908
571974
571975
572062
572093
572127
572132
572185
572141
572453
572519
572544
572570
572596
572683
580959
581122
581128
581138
581146
581180
581186
581331
581345
583337
583499
583527
583533
583581
583651
583664
583703
583744
583815
583846
584045
584294
585436
585506
585572
585600
585681
585710
585799
585791
585843
586027
586061
586123
586136
586138
586218
586363
586407
586450
586469
586511
586521
586639
586676
586685
586731
586743
10864
10904
10978
11063
11100
11139
11178
11199
11223
11282
11320
11375
11439
11475
11479
11551
11601
11622
11659
11645
11689
20724
20743
20746
20751
20792
20815
20886
20906
20948
20966
21009
21067
21131
21370
21399
21471
21490
21518
21543
21559
31170
31275
31283
31290
31310
31313
31360
31362
31453
31524
31562
31603
31682
31684
31822
31881
31913
31916
31963
32013
32004
32045
36076
36143
36165
36177
36332
36352
36367
36385
36440
36485
36506
36550
36545
36586
36617
36684
36682
36709
36762
36833
36924
36994
37011
37035
37085
37083
37239
37251
37261
37275
37325
37416
37549
37652
37684
37731
37743
37889
37974
158822
158841
158894
158874
158966
158973
159017
159070
159160
159183
159194
159229
159234
159248
38030
38072
38077
38097
38104
38214
38256
38251
38361
38405
38429
38516
38572
38643
38669
38766
38813
38832
38833
38856
38906
38909
38919
40095
40110
40123
40295
40302
40318
40335
40346
40454
40564
40568
40584
40754
46418
46431
46436
46428
46454
46498
46640
46645
46669
46722
46736
46794
46798
46813
46814
171547
171556
171579
171610
171698
171744
171741
171751
171795
171807
171812
171855
171852
171917
171886
172023
172039
172131
172248
172259
172278
172282
172300
172344
172467
48821
48897
48910
48938
48936
48945
48991
49044
49084
49111
49132
49190
49228
49371
49455
49454
49474
49475
49530
49582
49696
49725
49746
50793
50803
51043
51284
51277
51291
51319
51371
51386
51418
51454
51451
51494
51511
51520
51591
151945
151999
152093
152122
152168
152166
152203
152248
152256
152225
152258
152268
152381
152375
152402
152436
152496
152535
152498
152510
152685
152717
152743
152800
203845
203858
203917
203916
203959
204088
204146
204184
204360
204379
204426
204543
204564
204594
204598
204609
204623
174968
174980
174982
174999
175014
175056
175099
175112
175179
175324
175354
175487
175568
175697
175728
175783
175833
175863
175915
175912
175940
175950
176011
176161
176160
176264
176372
176382
178366
178371
178439
178509
178669
178769
178787
178825
178824
178887
178923
178957
178976
179112
179222
179219
179331
185081
185152
185160
185212
185245
185318
185322
185403
185416
185425
185462
185480
193870
194025
194032
194045
194083
194143
194280
194292
194336
194371
194376
194405
194435
194525
194551
194757
243445
243458
243485
243552
243588
243620
243604
243636
243838
243871
243979
244015
244191
244264
244272
244358
244388
244402
256281
256296
256346
256435
256473
256540
256558
256605
253276
253355
253370
253502
253500
253523
253572
253564
253616
253846
253856
253894
254004
254005
254045
254102
254137
254157
254181
267958
268153
268240
268255
268363
268385
260102
260286
260357
260387
260440
260605
260637
260655
260675
260712
260822
260879
260916
260940
260967
261055
261061
270911
270976
270958
271083
271134
271148
271170
271205
271238
271346
271364
271498
280022
280056
280074
280101
280113
280119
280238
280252
280287
280280
280300
280322
280395
280467
289355
289364
289415
289492
289581
289603
289727
289825
289830
289880
289913
289961
289978
289984
290045
290086
290145
290163
290164
290231
290263
290264
518201
518189
518351
518362
518583
518688
518698
518701
518870
518905
530828
530888
530924
530915
530928
530947
530941
531236
531256
33194
33203
33271
33313
33395
33596
33783
33806
33881
33975
34075
34096
34100
35141
35167
35197
35284
35309
35387
35443
35488
35508
35546
34132
34241
34309
34325
34351
34436
34440
34464
34629
34736
34772
34790
34809
34827
34904
34954
35049
49940
49969
49986
50055
50104
50185
50186
50228
50242
50239
88336
88342
88346
88430
88488
88525
88560
88671
88684
88693
88747
88769
93497
93747
93771
93845
93869
93862
93897
93877
93906
93955
93992
94014
94087
94103
94222
94237
94225
94263
94278
94448
94455
155871
155914
155913
155982
155989
156098
156112
156316
156445
156695
156700
156799
169554
169614
169748
169749
169829
169922
169927
169938
170015
170059
170146
170173
170254
170269
170245
170298
170438
170463
170472
170507
170509
170513
162231
162250
162254
162283
162280
162360
162424
162440
162452
162539
162649
167618
167669
167805
167832
167872
167881
167926
167987
168132
168177
168226
168249
168274
168279
168281
168296
168375
168530
196859
197001
197071
197143
197196
197236
197244
197269
197323
197415
197453
197457
197459
197521
197532
197561
197557
197610
197648
197651
197652
197680
197692
198766
198938
198955
198986
199030
199080
199323
199343
199366
199448
199452
199466
199494
199520
199581
199602
199618
199621
199666
199726
200332
200355
200362
200528
200548
200551
200640
200720
200741
200749
200824
200862
200941
201176
201284
201312
201347
201375
201393
201403
201426
201437
201484
201580
201614
275610
275639
275680
275691
275900
276086
276156
276169
276165
276228
276541
276545
280704
280741
280831
280838
281087
281090
281139
281199
281200
281235
281240
281310
281347
281368
281395
281430
281440
281446
281480
281531
281632
281650
281702
281737
281741
281823
281866
281870
281922
282093
282136
282199
282286
282369
282411
282423
282377
282457
282466
282473
282523
282532
282551
282554
282706
282708
282739
282742
282830
321010
321050
321095
321117
321115
328322
328346
328394
328395
328396
328536
328635
328656
328655
328705
328695
328899
329095
329208
329283
456698
456749
456764
456790
456902
456938
457020
457096
457160
457159
457226
457303
457324
457477
457498
457518
457600
473362
473418
473416
473422
473714
473746
473758
473762
473764
473788
473842
473850
473870
473916
473998
474061
474074
474102
474136
474147
474171
474238
506563
506566
506644
506660
506680
506734
506780
506796
546765
546784
546839
546885
546925
546940
546947
546999
547068
547120
547229
548354
548381
548499
548584
548611
548677
548758
548811
548846
548866
548959
548988
549000
549069
549162
549185
44908
44919
44956
44987
45029
45076
45103
45171
45208
45249
45247
45371
45447
45569
45600
45638
45712
45748
45774
45781
45867
45963
46019
46044
46059
46099
46168
46179
46196
46288
46302
46318
46321
46329
58627
58673
58691
58747
58757
58782
58827
58984
59131
59127
59166
59283
59315
59393
59499
166693
166711
166765
166773
166825
166814
166854
166888
166907
167000
167050
167145
167235
167292
167402
167406
167408
167446
167449
167567
77041
77053
77141
77183
77255
77302
77319
77427
77520
77553
77575
77580
77648
77659
77677
77700
77817
77837
77861
77890
77925
77959
78059
78144
78292
78336
78416
78459
78475
177421
177665
177702
177799
177811
177859
177891
178096
178163
178190
178214
178298
181193
181350
181354
181434
181507
181506
181522
181542
181533
181582
181607
181618
181640
181771
181838
181855
181882
182024
205620
205651
205776
205781
205786
205794
205997
206007
206038
206057
206082
206126
206155
206148
206166
206219
206304
206366
206389
206400
206505
206432
206556
206559
206571
248355
248469
248503
248561
248709
248710
248727
248737
248798
248844
248867
248903
249081
249100
249075
249104
249185
249236
223060
223086
223095
223133
223195
223312
223369
223363
223413
223434
223483
223644
223657
223672
223673
223707
223712
223733
223739
223835
223910
223964
223952
233906
233925
233927
233943
234056
234123
234268
234275
254238
254306
254351
254459
254584
254630
254693
254729
254754
254782
254874
254922
254906
254928
255060
255096
255098
255139
255165
255178
265008
265055
265108
265189
265200
265216
265255
265315
265376
265378
265495
265690
265713
265711
265745
265811
265815
265834
265949
264196
264224
264244
264330
264367
264464
264503
264588
264706
264792
264793
264811
264848
264917
266224
266362
266406
266420
266455
266456
266468
266488
266525
266571
266583
266623
266670
266834
266877
266881
266951
266954
272681
272691
272760
272854
272861
272937
273110
273165
273227
273317
273381
273396
273506
273534
285484
285507
285599
285661
285703
282948
282969
282973
282990
283034
283053
283117
283122
283146
283279
283325
283331
286395
286410
286459
286621
286644
286642
286693
286726
286729
286767
286792
286839
286869
286888
286984
287025
287130
287181
287209
287241
287321
317578
317596
317610
317698
317808
317819
317865
317874
317880
317950
318134
318160
320552
320672
320732
320724
320825
320888
320924
320959
319986
320138
320232
320253
320257
320285
320331
320389
320449
320444
320456
395459
395616
395812
395835
395848
395871
395889
395956
396029
396030
396060
396062
396123
396194
396304
396293
417914
417922
417927
417965
417987
418046
418130
418269
418315
418320
418333
418367
418380
418383
418407
418438
418463
418665
418679
418699
418704
418736
418757
418832
419857
419850
419925
420035
420114
420126
420200
423130
423173
423171
423234
423333
423380
423474
423520
425555
425621
425620
425775
425859
425882
425986
426102
426219
426282
426313
426336
426440
426453
450608
450674
450710
450724
450751
450813
450944
450952
450996
451004
457689
457727
457820
457832
457948
457975
457994
458076
458134
458185
458193
458209
458214
458263
458371
458457
458482
458489
458534
458544
458539
458552
458565
458594
458616
65312
65325
65322
65380
65388
65414
65570
65576
65525
65671
65710
65831
65878
65965
66003
66073
66065
66111
66178
66226
73124
73130
73142
73175
73289
73296
73364
73386
73389
73396
73492
73516
73545
73592
73653
73690
73717
73753
73829
73848
74030
71280
71298
71358
71363
71469
71523
71597
71628
71647
71669
71673
71779
71787
71814
71931
74094
74137
74210
74424
74533
74581
74596
74603
74635
74650
74659
74733
74763
74777
74824
74875
74940
75020
75053
80957
80981
81126
81166
81180
81203
81230
81243
81272
81266
81275
81329
81343
81567
81597
81602
81707
81733
81808
110181
110240
110255
110277
110266
110325
110396
110440
110545
110537
110561
110619
110653
110687
110846
110854
110861
110942
110986
110987
111048
126133
126201
126210
126234
126256
126260
126335
126458
126510
126598
214242
214265
214299
214313
214326
214328
214470
214481
214852
214867
214921
214958
130635
130739
130785
130840
130960
130967
131088
131104
131118
131191
131276
131353
131492
138444
138501
138552
138565
138807
138844
138876
138942
138961
139040
139047
139154
139207
139248
133530
133559
133644
133642
133768
134050
134198
134290
134387
143354
143409
143477
143539
143555
143739
135463
135510
135565
135576
135644
135752
135755
135792
135799
135918
135944
135951
135962
136027
136061
136090
136196
136274
136301
136387
144358
144379
144419
144470
144487
144579
144654
144815
144836
144851
144863
144853
144940
145069
145063
145130
145143
145229
145224
148207
148253
148262
148269
148272
148330
148495
148497
148492
148549
148558
148624
148722
148708
148765
148855
148947
149053
149099
149115
149131
212313
212320
212343
212448
212572
212608
212742
222134
222166
222265
222374
222423
222473
222511
222571
222594
222605
222635
222742
222757
222766
222844
222858
222894
222927
224151
224148
224197
224226
224287
224312
224444
224591
224656
224721
224804
224884
224903
224952
225119
225127
225223
225264
225280
225338
225307
225545
225554
225862
225927
225992
240260
240312
240300
240324
240420
240441
240450
240482
240555
240597
240630
603712
603829
603987
604088
604104
604152
604159
604218
604319
604320
604422
604427
604462
604516
604540
604563
604571
604609
604627
604642
94521
94593
94676
94722
94751
94836
94913
94939
95005
95050
95108
95218
95232
95264
95267
95444
95447
153927
153941
153990
153992
154000
154022
154035
154040
154090
154134
154210
154273
154311
154413
154421
154472
154557
154608
154754
187054
187079
187117
187133
187252
187292
187315
187340
187375
187380
187399
187398
187405
157835
157915
157949
158053
158170
158174
158195
158242
158244
158256
158268
158255
158345
158464
158667
158729
161803
161823
161768
161833
161872
161901
161974
161999
162047
162029
162054
162103
162105
162117
162145
162692
162713
162757
162790
162813
162857
162892
162896
163031
163084
163083
163163
163298
163358
163381
163438
163531
163640
164801
164835
164843
164888
165028
165078
165090
165087
165096
173074
173238
173275
173390
173404
173428
173501
173568
173574
173685
173687
173869
173942
173956
173980
173990
174019
174048
174150
174192
174293
174363
180361
180455
180479
180481
180536
180538
180581
180657
180668
180703
180759
180778
180804
180831
180864
180873
180900
180908
180931
181075
181103
188968
188966
189030
189138
189159
189230
189337
189359
189387
189389
189678
189665
189740
189742
189782
189929
189923
190434
190468
190500
190526
190516
190580
190628
190651
190906
190876
190953
191081
191151
191255
191367
191406
191419
191427
191530
191610
191733
191783
191797
191799
191834
203279
203287
203370
203459
203483
203603
203614
278568
278607
278587
278835
279044
279035
279059
279107
279157
279162
279161
279171
279204
279251
279283
279300
279325
279359
279360
279430
279458
279490
279488
225999
226060
226080
226114
226174
226352
226354
226378
226413
226429
226513
226528
226607
226744
226786
226848
226865
226958
226985
227009
227046
227078
227128
227194
227191
227212
227399
227442
232904
232959
233069
233113
233216
233219
233260
233376
233367
233386
233431
233453
233502
233543
233554
233588
233608
233691
233705
233701
268555
268723
268767
268868
268962
269034
269205
269245
269343
269508
269518
269593
269649
269806
269817
289015
289030
289051
289075
289145
289154
289244
289251
289305
292295
292395
292387
292399
292535
292533
292581
292597
292613
292658
292741
292795
292761
292861
292881
293106
293130
293180
293182
508455
508474
508522
508538
508566
508585
508582
508581
508645
508683
508694
508772
508775
508839
508883
508903
508904
508915
508972
508980
509011
509064
509168
509236
509261
509291
509319
509362
509390
509396
509409
159271
159289
159331
159552
159593
159616
159610
159702
159734
188045
188120
188196
188450
188521
188539
188527
188590
188728
188749
188768
188835
188918
197780
197796
197823
197835
197825
197848
197882
197860
197870
197899
197916
197927
197940
197962
197999
198016
198040
198100
198177
198243
198315
198330
198479
198490
198501
198518
198744
199761
199785
199869
199878
199996
200100
200133
200149
200163
200171
305825
305850
305882
305899
305915
306217
306306
306419
306445
306540
306643
306649
306706
339936
339966
339973
340001
340050
340147
340207
340351
340382
340394
340443
340479
340609
340681
340705
340798
340832
307855
308045
308081
308094
308348
308386
308408
308492
308549
308618
308619
308725
308719
308735
308806
308833
308880
308912
308952
308977
308966
308998
376003
376152
376143
376138
376158
376177
376183
376274
376283
376351
376342
376402
376413
376419
376449
376538
376545
376556
376555
376564
376587
376569
376594
376673
376720
376770
376839
376878
377902
377904
378044
378042
378071
378132
378310
378326
378386
378550
378586
378612
378630
378644
378768
378758
378829
390160
390238
390377
390496
390497
390561
392444
392475
392519
392536
392637
392650
392713
392805
393020
393003
393103
393140
393181
393356
412078
412103
412108
412151
412136
412242
412265
412261
412283
412304
412309
412659
412691
412731
412781
412906
412971
412959
422603
422624
422691
422749
422769
422809
422826
422948
423054
465602
465635
465687
465760
465798
465815
465854
465967
465969
466192
466203
466289
466302
466465
498754
498820
498843
498987
498994
499023
499042
499084
499281
499306
499326
499341
499361
499377
499423
499475
499463
499509
499525
499606
541605
541771
541820
541861
541895
541951
541988
542021
542055
542130
542199
542295
542397
542439
542449
542444
542512
542550
542548
542551
542585
542594
542602
542760
542805
542868
542865
542881
542930
542998
543082
543087
543255
543240
543316
549237
549261
549277
549338
549420
549528
549547
549609
549608
549652
549740
549741
549760
549821
549823
549948
549964
549962
550051
550062
550105
550147
550148
552260
552311
552421
552545
552563
552558
552578
552604
552618
552726
552809
552820
552862
552915
552938
553105
578456
578560
578627
578620
578652
578717
578762
578831
578841
578844
579155
579175
579193
579287
579367
580405
580454
580489
580513
580563
580548
580657
580639
580797
580801
580803
580858
580861
594108
594104
594149
594153
594414
594428
594489
594535
594556
594758
594817
594834
594839
594899
594953
594989
595063
599976
600105
600143
600159
600145
600194
600198
600292
600345
600357
201717
201783
201805
201818
201828
201838
201829
201843
201852
202090
202236
202235
202280
202331
202382
202410
202478
202519
202532
202549
202581
202635
242468
242506
242575
242604
242648
242677
242912
242955
242970
242975
243004
243018
243044
243092
243091
243088
243098
243138
243167
243162
243324
259201
259226
259253
259239
259339
259356
259360
259403
259409
259451
259456
259452
259565
259593
259650
259657
259722
259777
259784
259898
259918
259932
259966
260055
260078
261108
261151
261181
261297
261330
261348
261416
261528
261512
261643
261658
261642
261645
261741
261713
261817
261797
261826
261815
261881
261883
261992
262003
262168
262186
262267
262337
262318
262506
262501
262528
262621
262654
262640
262661
262681
262682
262735
262756
262882
262912
262934
262938
263035
279580
279635
279655
279657
279660
279700
279718
279787
279861
279863
279893
279910
279942
338939
338938
339079
339217
339330
339353
339517
339576
339598
339613
339649
339673
339717
339731
339798
339871
345762
345780
345782
345789
345810
345845
345952
345965
346046
346217
345272
345302
345318
345334
345351
345442
345459
345570
345691
345696
345731
345733
345738
354597
354634
354631
354726
354890
354896
354972
355138
355193
355208
355297
355376
355413
355427
355494
351643
351746
351780
351892
352008
352010
352040
352074
352067
352079
352161
352168
352242
352285
352357
352363
352443
352615
355576
355582
355593
355662
355726
355766
355794
355819
355846
355867
355908
356047
356170
356172
356204
356279
356390
356425
356438
366174
366232
366277
366323
366406
366419
366551
366629
366633
366637
366720
366797
366849
366900
366914
366976
367027
367079
367110
369101
369139
369179
369227
369335
369343
369381
369437
369488
369491
369628
369735
369744
369751
369826
369846
369911
369939
369958
370051
418908
418959
419035
419046
419060
419080
419101
419139
419214
419239
419256
419265
419350
419418
419635
419685
419718
419783
419838
501094
501133
501138
501163
501183
501182
501213
501257
501271
501276
501283
501327
501368
501403
501413
501427
501414
501478
501560
510456
510467
510492
510526
510541
510561
510588
510641
510659
510694
510810
510826
510853
510937
510955
511023
511059
511089
511210
511246
511304
511297
511365
509432
509449
509563
509573
509634
509677
509701
509703
509791
509939
509933
509960
509953
509982
510052
510058
510099
510107
510132
510151
510203
510208
510215
510268
510303
510397
531357
531358
531406
531491
531555
531568
531627
531725
543362
543386
543459
543538
543612
543629
543640
543675
543834
543878
543912
543914
544014
544055
544074
544246
544250
544266
544294
533827
533824
533859
533899
533950
533954
533983
534045
534057
534111
534178
534172
534226
534290
534305
534570
534589
534616
534643
534667
534697
537680
537689
537877
537911
537925
538073
538114
538164
538209
538287
538299
538353
538409
538502
538564
538573
244450
244509
244584
244583
244614
244810
244792
244907
245016
245021
245089
245074
245082
245133
245142
245197
245210
245264
245292
245333
245379
249433
249457
249467
249465
249430
249489
249490
249524
249640
249702
249691
249793
249792
249851
249914
249936
249949
250000
250161
250198
250228
250275
250294
274616
274619
274667
274679
274709
274720
274731
274734
274746
274782
274802
274811
274812
274885
274914
274961
275023
275055
275064
275075
275141
275137
275154
275213
275221
275226
275426
275487
275551
275560
276664
276717
276748
276804
276849
276868
276899
276905
276896
277004
277043
277083
277126
277231
277290
277297
277307
277283
277370
277520
301858
302012
302028
302075
302093
302189
302265
302448
302455
302469
302671
302682
302756
302760
313676
313719
313774
313991
313969
314009
314086
314089
314356
314371
314432
314573
413004
413045
413054
413104
413183
413239
413288
413275
413328
413323
413348
413362
413434
413477
413524
413527
413552
413628
413637
413703
413771
413783
413845
413864
413929
413954
416945
416974
417116
417120
417219
417253
417275
417313
417327
417328
417337
417338
433880
433911
433965
434034
434085
434200
434229
434236
434263
434255
434266
436351
436458
436448
436495
436555
436553
436623
436634
436822
436825
436914
437070
437120
437114
437122
437200
437225
468962
468950
468975
469001
469042
469144
469151
469197
469232
469253
469297
469399
469428
469411
476388
476387
476403
476409
476423
476429
476487
476556
476555
476542
476598
476628
476633
476747
476743
476808
476816
476829
476941
476984
477055
477117
477209
477238
472461
472493
472520
472576
472571
472728
472736
472966
472992
473007
473301
473320
473331
486921
486923
486972
487047
487191
487208
487214
487226
487255
487356
487360
485085
485149
485140
485249
485275
485309
485298
485354
485463
485489
485500
485505
485588
485602
485603
485712
485763
485773
485794
485828
485874
485924
485932
485999
486019
486035
486153
486211
486216
486319
486380
486379
486385
486391
486542
486545
486549
486641
486680
486688
486700
490801
490966
490970
491228
491252
491310
491311
491326
491346
491519
491558
491643
491712
494729
494732
494779
494799
494903
494924
495001
495058
495060
495077
496690
496738
496745
496785
496838
496937
496979
497001
497080
497081
497191
497294
497311
497309
497332
497365
497470
497481
497492
497568
497566
499713
499833
499874
499903
499938
499944
499951
500050
544815
544883
545121
545114
545146
545166
545204
545212
545219
545215
545336
545386
545556
545552
545610
545630
545642
545656
545816
545872
545986
546055
546065
546071
546189
546197
596058
596200
596199
596227
596220
596320
596321
596367
596412
596429
596525
596543
596595
596711
596715
596793
596875
596910
596943
596956
596980
597020
302836
302838
302953
302982
303029
303080
303128
303134
303164
303187
303188
303203
303312
303364
303461
303532
303630
303669
303767
303795
303804
306754
306884
306895
306975
307114
307158
307192
307220
307244
307245
307366
307405
307397
307487
307714
314593
314621
314629
314754
314775
314818
314840
314977
315018
315188
315240
315241
315480
318515
318545
318594
318642
318660
318707
318772
318824
318832
318861
318887
319008
319020
319226
319229
319354
319394
319399
316604
316636
316734
316778
316894
316912
317015
317218
317269
317261
317298
317307
317390
317411
317524
319656
319696
319755
319730
319945
393441
393513
393561
393637
393696
393776
393878
393895
393901
393986
394002
394054
394079
394091
394113
394144
394164
394258
394323
398292
398384
398397
398447
398471
398555
398648
398685
398740
463560
463571
463623
463716
463755
463833
463856
463981
464013
464101
464124
464147
464197
464305
464343
464342
464380
464395
464534
467518
467542
467665
467694
467760
467778
467796
467887
467972
467971
468108
468288
468308
468305
468423
514149
514193
514231
514361
514440
514593
514603
514738
514785
514788
514829
515012
515013
523994
524008
524118
524246
524290
524336
524367
524401
524426
524438
524563
524595
524621
524644
524653
524730
524737
524772
524811
524828
524851
558699
558686
558710
558858
558896
558868
560053
560117
560148
560168
560236
560273
560348
560477
560577
560617
560636
560646
560691
560801
560820
560896
560925
560912
560932
563427
563470
563502
563558
563575
563595
563601
563871
563891
563877
563904
573581
573621
573667
573694
573714
573809
573830
573911
573959
573988
574069
574100
574118
574187
574219
574257
574295
574342
574385
574412
574450
1008
1026
1093
1111
1210
1265
1310
1352
1411
1461
1570
1580
1585
1715
1824
1847
1969
1988
2009
1992
2067
2148
2282
2406
2417
2477
2539
2621
2778
2891
2921
2927
27578
27589
27607
27651
27661
27676
27679
27764
27791
27790
27863
238838
238822
238870
238985
239183
239285
239364
239379
239445
239454
239573
250303
250353
250400
250482
250534
250555
250560
250608
250645
250679
250855
250954
250984
251001
251019
251213
251249
267476
267494
267490
267511
267524
267556
267622
267606
267698
267706
267826
267864
283440
283618
283668
283711
283800
283886
283924
284010
284070
284071
284077
284142
284178
284202
284247
284256
284290
284334
284361
312157
312237
312276
312271
312335
312356
312415
312452
312460
312487
312564
335001
335006
335065
335112
335180
335199
335218
335244
335301
335369
335432
335467
335490
335516
335596
335626
335675
335714
335894
335936
312724
312768
312807
312866
313050
313064
313156
313162
313171
313258
313310
313304
313328
313315
313385
313594
313600
327334
327402
327426
327436
327548
327611
327630
327683
327708
327760
327863
328081
328114
328157
328247
328258
328234
328255
328274
348709
348741
348749
348778
348818
348820
348873
348973
349013
349044
349048
349130
349136
349180
349230
349246
349284
349333
349346
349354
349367
349451
349486
363229
363234
363441
363508
363525
363554
363676
363744
363749
363820
363828
363842
363886
364030
364036
364044
364067
364091
364120
405678
405734
405749
405758
405787
405874
405904
406019
406074
406102
406110
406160
406303
406307
406338
406419
406424
406451
406479
406565
406567
406740
406910
407032
407099
452783
452946
452973
452992
453167
453386
453402
453465
453475
453488
453498
453557
453596
453601
453659
474354
474363
474366
474418
474496
474591
474646
474757
474865
474869
474917
474946
475101
475108
475126
475201
475294
469529
469525
469593
469628
469634
469657
469662
469738
469798
469849
469947
470124
470176
470209
470334
470408
470682
470712
470808
470821
470847
470923
470977
470973
471206
471283
471425
471476
471500
471553
471601
471628
471619
471640
471688
471739
472010
472009
472035
472109
472127
472222
472278
472298
472316
483465
483482
483510
483579
483602
483660
483705
483706
483789
483795
483816
483857
483879
483906
483876
489962
490038
490096
490093
490135
490152
490251
490282
490328
490405
490412
490422
490443
490460
490513
490532
490701
490748
490769
490800
506979
507032
507073
507113
507196
507234
507336
507368
507359
507373
507423
507429
507463
507485
507478
507508
507563
507572
507624
507651
507663
507729
507804
507820
507868
508001
508143
508187
508200
508227
508297
508326
508360
513235
513343
513602
513690
513779
513915
513931
514083
514089
514125
521032
521139
521219
521218
521272
521270
521269
521453
521486
521580
521604
521646
521662
521749
521793
521931
521962
517103
517139
517329
517394
517429
517510
517511
517634
517657
517758
517854
517853
517870
517911
517953
517993
518022
518017
524939
524978
525002
525040
525051
525102
525140
525229
525254
525298
525316
525350
525551
525620
525656
525662
525674
525695
525750
525762
525766
525812
525844
525883
6931
6934
7007
7032
7053
7127
7131
7139
7282
7411
7448
7479
7481
7593
7678
7840
8840
8858
9053
9067
9078
9125
9287
9293
9303
9335
9555
9639
9701
159769
159778
159822
159987
160178
160312
160379
160416
160521
160526
160528
160582
160625
160623
160636
160651
160631
160718
160730
160762
160842
160847
160861
160936
160959
160975
161036
161030
161052
161061
161193
208608
208652
208778
208839
208880
208893
208953
208966
209055
209051
209103
209095
209169
209221
209340
209347
209394
245565
245573
245602
245639
245654
245677
245692
245795
245793
245810
245834
245838
245869
245883
213311
213366
213353
213409
213396
213585
213650
213721
213791
213875
213987
214014
214016
214070
214167
216241
216525
216584
216623
216715
216904
216928
217097
217095
217130
217171
217170
263043
263155
263151
263189
263200
263196
263300
263349
263446
263494
263487
263533
263601
263732
263842
263881
263898
263903
263916
263941
263971
263996
271766
271797
271926
272041
272051
272066
272058
272157
272200
272380
272390
272434
272464
272467
290289
290403
290399
290571
290683
290748
290783
290865
290871
290975
291185
291216
291219
296209
296220
296331
296405
296425
296533
296565
296619
296654
296664
296691
296700
296713
296836
296874
296890
297001
297019
297054
297078
321477
321480
321561
321582
321653
321736
321765
321802
321822
321834
321874
321920
321942
321941
322036
322129
322155
322231
322242
322281
322286
322321
322349
322387
322385
322402
323492
323500
323585
323598
323726
323764
323832
323826
324069
324103
324138
324309
324359
378950
378969
379137
379136
379153
379177
379211
379274
379303
379448
379552
379637
379634
379676
379688
379788
379797
383870
383903
383924
383935
383991
384024
384031
384115
384130
384243
384248
384280
384321
384353
384367
384351
384537
384643
384758
384753
391782
391879
391959
391977
392131
392181
392194
392186
392220
392232
392229
392260
392297
392307
532282
532437
532450
532470
532486
532583
532740
532751
532831
532983
532995
533007
533018
533021
533171
533221
533314
533364
533433
533477
533527
533533
533562
533649
533690
566898
566888
566918
566969
566997
567059
567107
567183
567190
567267
567346
567431
567474
567487
567514
567614
567652
567692
567703
567718
567739
567806
602928
603160
603159
603219
603224
603273
603359
603415
603418
603502
603517
603569
603618
603638
7873
7980
7988
8044
8096
8110
8263
8282
8369
8448
8464
8478
8600
8630
8628
8782
8810
8818
14715
14705
14813
14814
14837
14845
14938
14951
14948
15017
15036
15041
15068
15064
15092
15229
15254
15290
15377
15380
15467
15488
15515
15544
15534
15565
15622
15657
269947
270012
270046
270155
270222
270271
270286
270346
270367
270381
270414
270421
270483
270629
270640
270697
273632
273686
273747
273780
273817
273833
273853
273919
274066
274072
274047
274141
274228
274270
274334
274342
274407
274431
274448
361542
361597
361634
361707
361733
361855
361886
361920
361927
362050
362192
362211
370093
370131
370227
370246
370249
370373
370379
370397
370427
370502
370503
370515
370555
370558
370600
370609
370595
370685
370772
370759
370958
372060
372098
372186
372250
372292
372383
372400
372410
372479
372569
372641
372661
372699
372725
372856
372953
423636
423649
423794
423822
423845
423847
423854
423870
423936
424004
424022
424064
424112
424194
424262
424491
385765
385788
385816
385846
385952
385971
386074
386157
386229
386321
386415
386443
386550
386570
386610
386631
386645
386678
388685
388756
388914
388942
388948
389004
389010
389038
389153
410068
410148
410255
410245
410370
410373
410388
410381
410452
410497
410546
410569
410616
410620
410779
410943
413973
413976
414044
414077
414108
414259
414427
414431
414439
414565
414620
414694
414705
414856
414892
415083
415125
415219
415245
415270
415342
415386
415465
415471
415667
415767
415820
415874
415886
415903
416032
416086
416081
416118
416143
416130
416150
416163
416144
416207
416290
416301
416337
416331
416353
416472
416494
416537
416600
416671
416766
416835
416871
437312
437416
437436
437415
437526
437577
437664
437642
437709
437803
437882
437933
437983
437997
438014
438090
438088
438155
438223
438269
438293
438377
438414
438450
438598
438645
438739
438741
438755
438750
441242
441254
441301
441333
441363
441499
441563
441596
441627
441694
441793
441827
441838
441875
441889
441928
441953
441966
442141
442160
442166
442190
450037
450052
450156
450200
450203
450302
450384
450455
450507
449052
449159
449174
449214
449288
449282
449314
449329
449407
449467
449523
449540
449602
449635
449699
449700
449740
449735
449781
449782
449800
449997
449994
450007
450028
453764
453759
453773
453802
453790
454020
454028
454053
454052
454188
454220
454268
454265
454286
454340
454455
454468
454506
454509
454618
454634
454684
454709
466528
466614
466678
466752
466764
466814
466821
466842
466855
467004
467109
467168
467193
467399
467421
468471
468525
468566
468676
468728
468779
468781
468777
468820
468822
475378
475485
475494
475571
475580
475666
475682
475713
475769
475821
475993
476015
476036
476141
476147
476212
476250
476256
476285
478306
478342
478506
478714
478798
478996
479049
479076
479092
479147
479176
479170
491814
491833
491851
491885
491901
491884
491956
491995
492016
492091
492137
492221
492289
492302
492315
492316
492333
492390
492385
492468
492616
492629
492714
495804
495861
495880
496039
496064
496096
536760
536828
536855
536869
536929
537039
537060
537070
537101
537163
537183
537214
537508
537597
537607
537618
537645
538626
538729
538735
538839
538799
538912
538935
539054
539120
539135
539205
539330
539414
539527
539532
539560
24519
24662
24680
24728
24814
24842
24861
24893
24929
24955
24986
25020
25042
25220
25245
25290
25297
25334
25352
25396
25500
25514
25509
25591
25659
25718
25767
25771
25830
25870
25884
25940
26072
26183
26285
26314
26327
26321
26416
26424
26458
61387
61495
61557
61554
61565
61575
61761
61912
62082
62085
62116
62099
62146
62154
62161
62204
62331
62410
62438
62479
62607
62668
62859
62867
62971
63025
63053
63259
63405
63403
63409
63419
63432
63480
63507
63602
63571
63593
63612
63620
63682
63732
63760
63856
63844
63887
63935
64104
64153
64154
64185
64220
64260
64257
75134
75227
75247
75390
75510
75537
66263
66349
66423
66432
66462
66500
66497
66573
66604
66605
66723
66772
66864
67156
67176
67192
70197
70298
70380
70474
70490
70559
70567
70710
70775
70789
70820
70861
70889
70991
71005
71055
71144
75570
75592
75692
75710
75740
75823
75865
75933
75999
76011
76021
76094
76097
76141
76162
76214
76231
76240
76247
76313
76377
76398
76416
76410
76427
76430
76438
76451
76607
76712
76799
76946
76979
77027
83923
83996
84161
84251
84357
84423
84582
84578
84591
84605
84670
84777
84800
84854
86833
86836
86884
86871
86928
86931
87013
87100
87325
87420
87631
87636
87684
87692
87693
87687
87742
84998
85002
85007
85014
85078
85084
85254
85436
85463
85469
85603
85656
85679
85705
85720
85765
85775
85804
85821
85829
128585
128598
128690
128804
128894
128915
129009
129017
129058
89789
89995
90049
90090
90089
90110
90151
90193
90238
90252
90299
90309
90389
90404
90410
90535
99397
99445
99549
99640
99671
99695
99698
99710
99780
99828
99964
99995
100181
100194
100193
100223
100344
95535
95593
95615
95658
95685
95826
95871
95915
95920
95934
95985
96182
96188
96186
96200
96240
96337
96321
96357
96399
96428
96430
96483
96491
96617
96631
96749
96754
96817
102352
102367
102418
102446
102504
102516
102554
102588
102617
102611
102656
102689
102854
102876
102904
102916
102955
103027
103057
103114
103158
103196
103212
120021
120026
120079
120163
120207
120220
120284
120291
120377
120453
120507
120509
120571
120714
120725
106807
106796
106848
106895
106949
106990
107116
107121
107209
107261
107367
107378
107431
107530
107579
107617
107632
107701
107822
107884
107930
107945
107971
107987
108040
108068
108069
108075
108099
108126
109245
109291
109436
109464
109474
109555
109576
109627
109663
109677
109666
109682
109684
109697
109760
109814
109891
109934
109965
110014
110048
112161
112232
112335
112546
129120
129134
129181
129214
129233
129275
129280
129303
129312
129450
129454
129497
129502
132544
132587
132690
132729
132801
132800
132807
132893
132986
133010
133016
133049
133098
133121
133214
133327
133359
133349
133382
133398
133419
133461
133468
134573
134583
134624
134746
134798
134801
134871
134905
134971
134998
135015
135049
135067
135160
135176
135212
135208
135250
135324
135343
135361
135369
135395
136425
136626
136630
136762
136859
136961
136978
137025
137040
137116
137234
137213
137246
137275
137294
137315
137376
137437
137490
137630
137649
137653
137664
137693
137713
137778
137826
137933
137951
137954
137987
138045
138074
138181
138189
138243
85851
85866
86058
86089
86106
86130
86078
86144
86150
86327
86419
86486
86525
86563
86628
86629
86803
91580
91597
91755
91846
92064
92074
92156
92228
92214
92287
92261
92299
92313
92363
343811
343840
343874
343933
344073
344144
344261
344307
344338
344345
344323
344360
344423
344435
344446
344456
344529
344636
344657
344718
515111
515141
515185
515280
515386
515411
515455
515496
515528
515617
515641
515784
515803
515862
515900
516036
349781
349796
349958
349988
350043
350079
350186
350188
350222
350288
350338
350365
350409
350446
350471
350683
350720
350792
350796
350964
350951
351016
351060
351104
351131
351134
351293
351287
351317
351412
351409
351450
374034
374037
374099
374202
374210
374211
374315
374404
374427
374452
374446
374713
374788
374921
376956
377027
377067
377104
377105
377146
377171
377211
377230
377276
377370
377384
377396
377419
377431
377559
377599
377748
377796
377828
394370
394371
394391
394451
394461
394501
394524
394591
394647
394718
394724
394766
394777
394852
394866
394881
394913
395009
395027
395061
395076
395176
395213
395265
395340
408091
408211
408223
408346
408515
408571
397327
397430
397426
397467
397492
397556
397607
397581
397615
397665
397726
397893
397966
398005
398010
398038
398055
398064
398049
398112
398135
398129
398160
398183
398240
398254
398273
399299
399300
399301
399405
399494
399503
399613
399730
401306
401343
401435
401554
401581
401660
401665
401687
401720
401727
401765
401827
401887
401972
402056
402076
402105
402139
402142
402153
402149
404174
404178
404211
404245
404378
404402
404407
404650
404751
404780
404842
404901
404910
404958
405007
405144
432593
432670
432716
432750
432902
432952
432987
432999
433004
433114
433140
433150
433156
433340
434421
434454
434519
434510
434608
434612
434639
434626
434647
434783
434897
435004
435017
435056
435078
435142
435185
435228
435263
435274
435265
435327
435391
435397
435439
435498
435552
435579
435690
436096
436111
436161
436209
445201
445331
445375
445525
445570
445626
445777
445786
445818
445829
445857
445859
445900
445899
445937
445950
445972
446000
445990
446008
446032
446038
446051
553137
553154
553247
553243
553328
553313
553366
553361
553539
553533
553635
553753
553907
553980
554034
555182
555514
555498
555640
555717
555714
555910
555916
555999
556027
556069
556065
572839
572884
572924
572990
572993
573026
573108
573171
573249
573310
573315
573357
573389
573395
573426
573434
573480
573509
584311
584420
584435
584461
584468
584526
584576
584611
584663
584721
584742
584835
584942
584925
585014
585127
585138
585201
585215
592669
592684
592681
592728
592751
592915
593039
593057
593076
597071
597202
597381
597404
597619
597630
597629
597685
597803
597829
597862
597907
597990
597998
285941
285988
285994
286057
286194
286208
286231
286292
286345
295355
295372
295411
295538
295563
295613
295664
295856
295911
295915
295964
296049
296076
353609
353657
353675
353705
353802
353808
353840
353866
353995
354005
354017
354068
354208
354222
354371
354505
354575
365325
365334
365366
365419
365426
365474
365499
365516
365671
365769
365766
365779
365795
365799
365817
365841
365842
365893
365919
366119
356575
356697
356772
356763
356868
356872
356925
356957
357049
357207
357310
357348
357427
357465
367206
367225
367260
367262
367394
367416
367474
367608
367642
367664
367722
367811
367857
367879
368016
368068
368082
399793
399837
399886
399913
400094
400153
400192
400208
400238
402228
402462
402477
402516
402649
402663
402679
402696
402825
403153
427527
427580
427585
427621
427729
427754
427928
427939
427980
428054
428124
428150
428163
428211
428220
428270
428278
428342
428368
428376
428404
428442
428500
428646
428703
428755
428797
428809
428830
428866
428887
428953
428966
429018
429179
429213
429270
429301
429402
429437
430453
430622
430668
430669
430686
430752
430797
430805
430806
430885
430887
430984
431191
431224
431241
431279
431291
431335
431360
431376
431393
492816
492824
492847
492854
492897
493026
493028
493050
493069
493173
493340
493445
493456
493488
493535
493613
493634
500709
500727
500784
500777
500888
520079
520208
520239
520257
520280
520352
520358
520389
520423
520444
520502
520530
520578
520656
520671
520717
520711
520766
520799
520789
520836
520893
520875
539680
539687
539684
539864
539989
540014
540091
551217
551304
551373
551505
551530
551531
551543
551555
551583
551605
551612
551690
551697
551766
551916
551935
551940
551965
552089
552116
552124
552130
557137
557148
557214
557240
557406
557506
557569
557615
557624
557642
557737
557885
558076
558077
558229
558259
558374
558451
562525
562552
562668
562707
562711
562736
562818
562859
565889
565938
565960
565989
566040
566054
566212
566234
566296
566403
566425
566452
566486
566515
566536
566590
566674
566717
566766
566831
577971
578003
578023
578070
578112
578118
578108
578150
578174
578179
578189
578235
578269
578415
578408
579499
579514
579563
579583
579802
579832
579884
579924
580009
580018
580056
580079
580088
580215
580248
580317
582349
582471
582533
582602
582604
582749
582784
582791
582806
582823
582916
582966
582977
582999
583016
583063
583101
583123
583207
583237
583307
583298
592212
592271
592287
592414
592471
592549
592534
592560
601960
602045
602138
602141
602312
602324
602342
602343
602394
602458
602480
602473
602627
602613
602674
602735
602702
602914
2942
2990
3109
3128
3239
3203
3297
3333
3372
3498
3541
3622
3630
3650
3706
3733
3756
3781
3858
3919
5895
5970
6009
6063
6092
6125
6182
6228
6300
6375
6474
6484
6542
6707
6708
6779
6787
6832
6846
13050
13115
13159
13215
13283
13328
13355
13358
13449
13492
13517
13523
13615
13760
13827
13898
13951
14025
14134
14200
14260
14276
14298
14356
14383
14384
14394
14448
14481
14479
14539
14546
14555
14579
14592
14604
14695
14689
16682
16798
16967
17017
17117
17175
17237
17329
17456
17459
17472
17488
17489
17496
17500
17539
17525
17536
19629
19645
19766
19812
19873
19979
19988
20009
20047
20072
17708
17846
17874
17899
17951
17974
17977
17983
17998
18009
18043
18197
18261
18298
18392
18427
18527
18582
22612
22597
22685
22717
22745
22732
22827
22936
22992
23044
23074
23068
23117
23262
23258
23289
23387
23497
18641
18668
18682
18974
19041
19058
19072
19115
19121
19132
19249
19303
19376
19406
19426
19467
19545
19554
19592
20204
20208
20216
20302
20325
20355
20367
20428
20431
20472
20519
26539
26649
26639
26653
26688
26789
26796
26821
26851
26872
26930
27173
27193
27246
27315
27337
27338
27377
27387
27429
27438
23559
23716
23796
23809
23802
23855
23869
23874
24027
24028
24047
24213
24319
24386
24404
29461
29606
29635
29674
29786
29837
29867
29882
29873
29889
29935
30043
30063
30092
30105
30110
30172
30177
30179
67249
67315
67406
67405
67734
67802
67820
67882
67902
67933
67965
68038
68045
68084
68115
68163
68242
68249
68263
68302
68308
68383
68446
68464
68484
68530
68544
68586
68626
68637
68664
68781
68804
68865
68961
80088
80087
80114
80128
80180
80197
80230
80255
80479
80671
80718
80880
80833
80934
87850
87871
87873
87876
88054
88067
88114
88135
88202
88210
88206
88215
88213
88274
103446
103488
103528
103636
103656
103664
103704
103718
103763
103868
103932
103985
104028
104076
104136
104135
104238
104260
108218
108351
108380
108450
108517
108572
108706
108720
108721
108779
108795
108850
108845
108910
109054
109154
140844
140850
140935
140984
141006
141032
141101
141159
141236
141251
141265
141282
141324
141358
141397
141412
141434
141512
141557
141651
141708
141713
141889
141900
141945
142003
142011
142143
142183
142255
142339
142407
142436
142675
142683
142679
142706
142713
142883
143003
143062
143155
143209
143215
612523
612625
612621
612658
612703
48370
48390
48389
48401
48411
48475
48554
48565
48620
48686
48684
48758
156896
156933
157059
157094
157091
157100
157178
157196
157199
157248
157277
157286
157310
157322
157364
157400
157416
157460
157463
157476
157770
157771
185533
185568
185611
185891
185951
206675
206694
206699
206753
206769
206806
206822
206851
207088
207103
207128
207126
207134
207270
207353
207405
346305
346318
346338
346396
346404
346495
346515
346683
346686
346707
482242
482330
482365
482485
482517
482527
482567
482597
482607
482624
482727
482843
482878
380018
380073
380157
380194
380298
380300
380340
380532
380536
380534
380581
380621
380712
380716
380702
380775
380751
380764
380827
381843
381951
382000
382002
382068
382078
382090
382197
382206
382317
382341
382390
382406
382430
382449
382472
382510
382622
386737
386812
386867
386884
386918
386983
387091
387147
387215
387230
387257
387268
387291
387424
387560
387651
389304
389424
389498
389536
389588
390672
390714
390813
390838
390841
390892
390911
390919
390971
390994
391003
391095
391163
391173
391177
391207
391224
391318
391338
391441
391581
407133
407218
407341
407465
407497
407559
407568
407609
407630
407660
407719
407762
407811
407864
407931
451056
451122
451139
451234
451329
451366
451383
451590
451670
451708
451789
451823
451916
451927
454796
454819
455049
455090
455112
455142
455152
455163
455208
455254
455263
455275
455315
455363
455567
455612
455613
455677
525919
525945
525964
526081
526077
526317
526391
526429
526450
526524
526530
526662
526665
526785
526826
529817
529839
529858
529937
529928
529954
529998
530000
530031
530080
530210
530231
530279
530356
530354
530396
530457
530471
530504
530506
530525
530521
530556
530558
530614
530627
530607
530626
530669
550222
550307
550296
550328
550453
550511
550512
550557
550588
550610
550636
550674
550700
550709
550882
551134
551132
551158
559044
559059
559105
559136
559166
559336
559347
559389
559439
559487
559554
559748
559805
559831
562964
562991
563021
563062
563180
563195
563198
563197
563240
563293
563322
568970
569002
569023
569044
569079
569085
569123
569161
569230
569377
569514
569624
569663
569794
569832
569910
569926
569957
569992
570116
570132
570127
570133
570180
570206
570222
570250
570270
570273
570312
570557
570558
570664
570671
570709
