(44, 1, 1)
(152, 1, 1)
(219, 2, 1)
(295, 2, 1)
(379, 2, 1)
(374, 2, 1)
(477, 3, 1)
(586, 3, 1)
(651, 4, 1)
(675, 4, 1)
(719, 4, 1)
(750, 4, 1)
(800, 4, 1)
(908, 5, 1)
(49007, 246, 1)
(49060, 246, 1)
(49129, 246, 1)
(49143, 246, 1)
(49163, 246, 1)
(49164, 246, 1)
(49204, 247, 1)
(49292, 247, 1)
(49299, 247, 1)
(49601, 249, 1)
(49621, 249, 1)
(49732, 249, 1)
(3269, 17, 1)
(3545, 18, 1)
(3574, 18, 1)
(3657, 19, 1)
(3950, 20, 1)
(3985, 20, 1)
(14022, 71, 1)
(14330, 72, 1)
(14335, 72, 1)
(14402, 73, 1)
(14404, 73, 1)
(14668, 74, 1)
(14680, 74, 1)
(14747, 74, 1)
(14789, 74, 1)
(6146, 31, 1)
(6176, 31, 1)
(6206, 32, 1)
(6418, 33, 1)
(6506, 33, 1)
(6487, 33, 1)
(6540, 33, 1)
(6587, 33, 1)
(6748, 34, 1)
(6782, 34, 1)
(6818, 35, 1)
(6803, 35, 1)
(6867, 35, 1)
(7108, 36, 1)
(7274, 37, 1)
(7366, 37, 1)
(7421, 38, 1)
(7519, 38, 1)
(7531, 38, 1)
(7501, 38, 1)
(7552, 38, 1)
(7814, 40, 1)
(7831, 40, 1)
(7868, 40, 1)
(7948, 40, 1)
(7959, 40, 1)
(7988, 40, 1)
(7998, 40, 1)
(80074, 401, 1)
(80150, 401, 1)
(80155, 401, 1)
(80234, 402, 1)
(80268, 402, 1)
(80251, 402, 1)
(80293, 402, 1)
(80340, 402, 1)
(80471, 403, 1)
(80528, 403, 1)
(80520, 403, 1)
(80581, 403, 1)
(80588, 403, 1)
(80694, 404, 1)
(80770, 404, 1)
(80834, 405, 1)
(80879, 405, 1)
(80952, 405, 1)
(80974, 405, 1)
(80999, 405, 1)
(182449, 914, 1)
(182496, 914, 1)
(182498, 914, 1)
(182478, 914, 1)
(182611, 914, 1)
(182604, 914, 1)
(182818, 915, 1)
(182860, 916, 1)
(182889, 916, 1)
(182917, 916, 1)
(182944, 916, 1)
(183010, 916, 1)
(16939, 85, 1)
(16959, 85, 1)
(16927, 85, 1)
(16987, 85, 1)
(34024, 171, 1)
(34195, 171, 1)
(34259, 172, 1)
(34288, 172, 1)
(34609, 174, 1)
(34672, 174, 1)
(34791, 174, 1)
(34838, 175, 1)
(34865, 175, 1)
(60044, 301, 1)
(60046, 301, 1)
(60091, 301, 1)
(60103, 301, 1)
(60134, 301, 1)
(60159, 301, 1)
(60247, 302, 1)
(60345, 302, 1)
(60398, 302, 1)
(60416, 303, 1)
(60465, 303, 1)
(60459, 303, 1)
(60547, 303, 1)
(60559, 303, 1)
(48714, 244, 1)
(48794, 244, 1)
(48864, 245, 1)
(48966, 245, 1)
(134984, 676, 1)
(134991, 676, 1)
(135045, 676, 1)
(135059, 676, 1)
(135076, 676, 1)
(135105, 676, 1)
(135196, 677, 1)
(135216, 677, 1)
(135313, 677, 1)
(135483, 678, 1)
(135566, 679, 1)
(135590, 679, 1)
(135630, 679, 1)
(135720, 680, 1)
(135878, 680, 1)
(147974, 741, 1)
(148003, 741, 1)
(148030, 741, 1)
(148033, 741, 1)
(148162, 742, 1)
(148198, 742, 1)
(148239, 742, 1)
(148236, 742, 1)
(148283, 742, 1)
(60734, 304, 1)
(60762, 304, 1)
(60756, 304, 1)
(60996, 305, 1)
(84007, 421, 1)
(84038, 421, 1)
(84153, 421, 1)
(84165, 421, 1)
(84140, 421, 1)
(84192, 421, 1)
(84190, 421, 1)
(84242, 422, 1)
(84291, 422, 1)
(84328, 422, 1)
(84318, 422, 1)
(84415, 423, 1)
(84490, 423, 1)
(84567, 423, 1)
(84584, 423, 1)
(84611, 424, 1)
(84683, 424, 1)
(84783, 424, 1)
(84784, 424, 1)
(84887, 425, 1)
(84948, 425, 1)
(84976, 425, 1)
(89026, 446, 1)
(89124, 446, 1)
(89166, 446, 1)
(89400, 447, 1)
(94529, 474, 1)
(94655, 474, 1)
(94663, 474, 1)
(94742, 475, 1)
(94768, 475, 1)
(94769, 475, 1)
(94861, 475, 1)
(94885, 475, 1)
(109948, 551, 1)
(110022, 551, 1)
(110035, 551, 1)
(110041, 551, 1)
(110213, 552, 1)
(110306, 552, 1)
(110308, 552, 1)
(110460, 553, 1)
(110483, 553, 1)
(110474, 553, 1)
(110567, 554, 1)
(110641, 554, 1)
(110704, 554, 1)
(110719, 555, 1)
(110740, 555, 1)
(110796, 555, 1)
(110824, 555, 1)
(110880, 555, 1)
(160976, 806, 1)
(161002, 806, 1)
(160998, 806, 1)
(161015, 806, 1)
(161037, 806, 1)
(161070, 806, 1)
(161081, 806, 1)
(161114, 806, 1)
(161246, 807, 1)
(161276, 807, 1)
(232879, 1166, 1)
(232886, 1166, 1)
(232912, 1166, 1)
(232966, 1166, 1)
(232989, 1166, 1)
(233016, 1166, 1)
(233213, 1167, 1)
(233217, 1167, 1)
(233286, 1168, 1)
(233318, 1168, 1)
(233436, 1168, 1)
(240439, 1204, 1)
(240573, 1204, 1)
(240589, 1204, 1)
(240595, 1204, 1)
(240620, 1204, 1)
(240889, 1206, 1)
(240961, 1206, 1)
(240984, 1206, 1)
(241003, 1206, 1)
(241153, 1207, 1)
(241195, 1207, 1)
(241278, 1208, 1)
(241270, 1208, 1)
(241346, 1208, 1)
(1101, 6, 1)
(1214, 7, 1)
(1218, 7, 1)
(1277, 7, 1)
(1274, 7, 1)
(1393, 7, 1)
(1411, 8, 1)
(1435, 8, 1)
(1438, 8, 1)
(1464, 8, 1)
(1478, 8, 1)
(1549, 8, 1)
(1749, 9, 1)
(1837, 10, 1)
(138017, 691, 1)
(138084, 691, 1)
(138127, 692, 1)
(138252, 692, 1)
(138251, 692, 1)
(138368, 693, 1)
(138370, 693, 1)
(138391, 693, 1)
(138399, 693, 1)
(138473, 693, 1)
(138469, 693, 1)
(138718, 694, 1)
(5174, 26, 1)
(5241, 27, 1)
(5262, 27, 1)
(5283, 27, 1)
(5343, 27, 1)
(5598, 28, 1)
(5582, 28, 1)
(5606, 29, 1)
(5618, 29, 1)
(5646, 29, 1)
(5784, 29, 1)
(5827, 30, 1)
(5898, 30, 1)
(5918, 30, 1)
(5934, 30, 1)
(5989, 30, 1)
(58040, 291, 1)
(58078, 291, 1)
(58071, 291, 1)
(58129, 291, 1)
(58173, 291, 1)
(58180, 291, 1)
(58210, 292, 1)
(58214, 292, 1)
(58326, 292, 1)
(58441, 293, 1)
(58458, 293, 1)
(58571, 293, 1)
(58669, 294, 1)
(58765, 294, 1)
(49810, 250, 1)
(49829, 250, 1)
(51104, 256, 1)
(51126, 256, 1)
(51127, 256, 1)
(51138, 256, 1)
(51199, 256, 1)
(51315, 257, 1)
(51454, 258, 1)
(51505, 258, 1)
(51547, 258, 1)
(51590, 258, 1)
(51600, 258, 1)
(51657, 259, 1)
(51645, 259, 1)
(51684, 259, 1)
(51718, 259, 1)
(51737, 259, 1)
(51859, 260, 1)
(51947, 260, 1)
(51957, 260, 1)
(66007, 331, 1)
(66263, 332, 1)
(66280, 332, 1)
(66386, 332, 1)
(66383, 332, 1)
(66418, 333, 1)
(66449, 333, 1)
(66468, 333, 1)
(66495, 333, 1)
(89597, 448, 1)
(89633, 449, 1)
(89627, 449, 1)
(89638, 449, 1)
(89640, 449, 1)
(89643, 449, 1)
(89696, 449, 1)
(89742, 449, 1)
(89823, 450, 1)
(89864, 450, 1)
(89918, 450, 1)
(101937, 511, 1)
(101944, 511, 1)
(101950, 511, 1)
(102068, 511, 1)
(102119, 512, 1)
(102165, 512, 1)
(102258, 512, 1)
(102336, 513, 1)
(102466, 513, 1)
(102615, 514, 1)
(102640, 514, 1)
(102700, 514, 1)
(102778, 515, 1)
(103941, 521, 1)
(104097, 521, 1)
(155326, 778, 1)
(155352, 778, 1)
(155370, 778, 1)
(155420, 778, 1)
(155432, 778, 1)
(155628, 779, 1)
(155744, 780, 1)
(155802, 780, 1)
(155856, 780, 1)
(158977, 796, 1)
(159004, 796, 1)
(159005, 796, 1)
(159185, 797, 1)
(159219, 797, 1)
(159323, 798, 1)
(159326, 798, 1)
(159459, 798, 1)
(159556, 799, 1)
(159608, 799, 1)
(159755, 800, 1)
(159761, 800, 1)
(159849, 800, 1)
(159884, 800, 1)
(171919, 861, 1)
(172017, 861, 1)
(172208, 862, 1)
(172197, 862, 1)
(172232, 862, 1)
(172247, 862, 1)
(172266, 862, 1)
(172284, 862, 1)
(172624, 864, 1)
(172616, 864, 1)
(172777, 865, 1)
(172812, 865, 1)
(172852, 865, 1)
(172853, 865, 1)
(172851, 865, 1)
(196085, 982, 1)
(196203, 982, 1)
(196244, 983, 1)
(202461, 1014, 1)
(202456, 1014, 1)
(202685, 1015, 1)
(202826, 1015, 1)
(202865, 1016, 1)
(202887, 1016, 1)
(202904, 1016, 1)
(202935, 1016, 1)
(202977, 1016, 1)
(202997, 1016, 1)
(203066, 1017, 1)
(203093, 1017, 1)
(203098, 1017, 1)
(203119, 1017, 1)
(203140, 1017, 1)
(204605, 1024, 1)
(204616, 1024, 1)
(204669, 1025, 1)
(204680, 1025, 1)
(204665, 1025, 1)
(204654, 1025, 1)
(204833, 1025, 1)
(228913, 1146, 1)
(228938, 1146, 1)
(229082, 1147, 1)
(229150, 1147, 1)
(229153, 1147, 1)
(229172, 1147, 1)
(229217, 1147, 1)
(229224, 1147, 1)
(229245, 1148, 1)
(229265, 1148, 1)
(229275, 1148, 1)
(249468, 1249, 1)
(249579, 1249, 1)
(249664, 1250, 1)
(249768, 1250, 1)
(249803, 1250, 1)
(249845, 1251, 1)
(249893, 1251, 1)
(249998, 1251, 1)
(235787, 1180, 1)
(235791, 1180, 1)
(235942, 1181, 1)
(235980, 1181, 1)
(235971, 1181, 1)
(236018, 1181, 1)
(236062, 1182, 1)
(236116, 1182, 1)
(236179, 1182, 1)
(236293, 1183, 1)
(236309, 1183, 1)
(236424, 1183, 1)
(237510, 1189, 1)
(237529, 1189, 1)
(237643, 1190, 1)
(237699, 1190, 1)
(237709, 1190, 1)
(237786, 1190, 1)
(237815, 1190, 1)
(237857, 1191, 1)
(237946, 1191, 1)
(237947, 1191, 1)
(237980, 1191, 1)
(238002, 1191, 1)
(238073, 1192, 1)
(238101, 1192, 1)
(238128, 1192, 1)
(238233, 1192, 1)
(238324, 1193, 1)
(238318, 1193, 1)
(238354, 1193, 1)
(238338, 1193, 1)
(238373, 1193, 1)
(238397, 1193, 1)
(238391, 1193, 1)
(243438, 1219, 1)
(243468, 1219, 1)
(243610, 1219, 1)
(243694, 1220, 1)
(243789, 1220, 1)
(243815, 1220, 1)
(243891, 1221, 1)
(243895, 1221, 1)
(243905, 1221, 1)
(243997, 1221, 1)
(244026, 1221, 1)
(244042, 1222, 1)
(244194, 1222, 1)
(244281, 1223, 1)
(244317, 1223, 1)
(244337, 1223, 1)
(2219, 12, 1)
(2333, 12, 1)
(2435, 13, 1)
(2450, 13, 1)
(2488, 13, 1)
(2760, 14, 1)
(2761, 14, 1)
(2826, 15, 1)
(2841, 15, 1)
(2936, 15, 1)
(2947, 15, 1)
(2983, 15, 1)
(2985, 15, 1)
(16057, 81, 1)
(16088, 81, 1)
(16315, 82, 1)
(16573, 83, 1)
(16635, 84, 1)
(8207, 42, 1)
(8345, 42, 1)
(8538, 43, 1)
(8542, 43, 1)
(8556, 43, 1)
(8642, 44, 1)
(8681, 44, 1)
(8716, 44, 1)
(8783, 44, 1)
(8810, 45, 1)
(8919, 45, 1)
(8963, 45, 1)
(8960, 45, 1)
(18109, 91, 1)
(18192, 91, 1)
(18190, 91, 1)
(18196, 91, 1)
(18262, 92, 1)
(18353, 92, 1)
(18456, 93, 1)
(18491, 93, 1)
(18533, 93, 1)
(18584, 93, 1)
(18616, 94, 1)
(14831, 75, 1)
(14910, 75, 1)
(14924, 75, 1)
(38064, 191, 1)
(38086, 191, 1)
(38215, 192, 1)
(38227, 192, 1)
(38222, 192, 1)
(38253, 192, 1)
(38286, 192, 1)
(38325, 192, 1)
(38393, 192, 1)
(38521, 193, 1)
(38620, 194, 1)
(38684, 194, 1)
(38674, 194, 1)
(38776, 194, 1)
(38828, 195, 1)
(38977, 195, 1)
(92002, 461, 1)
(92194, 462, 1)
(92339, 463, 1)
(92444, 463, 1)
(92487, 463, 1)
(21984, 110, 1)
(25045, 126, 1)
(25134, 126, 1)
(25150, 126, 1)
(25168, 126, 1)
(25194, 126, 1)
(25241, 127, 1)
(25307, 127, 1)
(25313, 127, 1)
(25321, 127, 1)
(25310, 127, 1)
(25378, 127, 1)
(25424, 128, 1)
(25425, 128, 1)
(25440, 128, 1)
(25452, 128, 1)
(25458, 128, 1)
(25544, 128, 1)
(25543, 128, 1)
(25598, 128, 1)
(25618, 129, 1)
(25692, 129, 1)
(25693, 129, 1)
(25736, 129, 1)
(25803, 130, 1)
(25928, 130, 1)
(25951, 130, 1)
(48046, 241, 1)
(48076, 241, 1)
(48084, 241, 1)
(48200, 241, 1)
(48209, 242, 1)
(48204, 242, 1)
(48376, 242, 1)
(48382, 242, 1)
(48420, 243, 1)
(48428, 243, 1)
(48427, 243, 1)
(48500, 243, 1)
(48551, 243, 1)
(79612, 399, 1)
(79615, 399, 1)
(79633, 399, 1)
(79671, 399, 1)
(79916, 400, 1)
(79924, 400, 1)
(79955, 400, 1)
(79970, 400, 1)
(129018, 646, 1)
(129029, 646, 1)
(129012, 646, 1)
(129124, 647, 1)
(129132, 647, 1)
(129318, 647, 1)
(129611, 649, 1)
(129686, 649, 1)
(129751, 650, 1)
(129783, 650, 1)
(129826, 650, 1)
(190449, 954, 1)
(190452, 954, 1)
(190475, 954, 1)
(190494, 954, 1)
(190540, 954, 1)
(190789, 955, 1)
(117345, 588, 1)
(117431, 588, 1)
(117432, 588, 1)
(117456, 588, 1)
(117489, 588, 1)
(117552, 589, 1)
(117624, 589, 1)
(117633, 589, 1)
(117713, 589, 1)
(117746, 590, 1)
(117801, 590, 1)
(117800, 590, 1)
(117864, 590, 1)
(119086, 596, 1)
(119190, 597, 1)
(119204, 597, 1)
(119199, 597, 1)
(119198, 597, 1)
(119387, 598, 1)
(119437, 598, 1)
(119528, 599, 1)
(119530, 599, 1)
(119606, 599, 1)
(119699, 599, 1)
(119808, 600, 1)
(119809, 600, 1)
(119800, 600, 1)
(119901, 600, 1)
(119915, 600, 1)
(153009, 766, 1)
(152987, 766, 1)
(143129, 717, 1)
(143154, 717, 1)
(143263, 717, 1)
(143313, 717, 1)
(143394, 718, 1)
(143564, 719, 1)
(143608, 719, 1)
(143611, 719, 1)
(143621, 719, 1)
(143663, 719, 1)
(143822, 720, 1)
(143883, 720, 1)
(143910, 720, 1)
(166086, 831, 1)
(166210, 832, 1)
(166218, 832, 1)
(166328, 833, 1)
(166400, 833, 1)
(166417, 833, 1)
(166458, 833, 1)
(166746, 835, 1)
(166896, 835, 1)
(185970, 931, 1)
(186016, 931, 1)
(186059, 932, 1)
(186237, 933, 1)
(186397, 933, 1)
(186425, 933, 1)
(186434, 933, 1)
(194454, 974, 1)
(194509, 974, 1)
(194519, 974, 1)
(194648, 975, 1)
(194695, 975, 1)
(194691, 975, 1)
(194825, 975, 1)
(195003, 976, 1)
(195016, 976, 1)
(195054, 977, 1)
(195121, 977, 1)
(195229, 977, 1)
(195249, 978, 1)
(195271, 978, 1)
(195344, 978, 1)
(195336, 978, 1)
(201449, 1009, 1)
(201471, 1009, 1)
(201494, 1009, 1)
(201575, 1009, 1)
(218450, 1094, 1)
(218504, 1094, 1)
(218559, 1094, 1)
(218735, 1095, 1)
(218797, 1095, 1)
(218828, 1095, 1)
(218917, 1096, 1)
(218943, 1096, 1)
(219028, 1096, 1)
(219037, 1097, 1)
(219077, 1097, 1)
(219205, 1097, 1)
(219249, 1098, 1)
(219270, 1098, 1)
(219310, 1098, 1)
(246442, 1234, 1)
(246560, 1234, 1)
(246631, 1234, 1)
(246709, 1235, 1)
(246718, 1235, 1)
(246754, 1235, 1)
(246867, 1236, 1)
(246840, 1236, 1)
(246876, 1236, 1)
(246900, 1236, 1)
(246928, 1236, 1)
(246941, 1236, 1)
(246938, 1236, 1)
(246966, 1236, 1)
(247001, 1236, 1)
(247179, 1237, 1)
(247290, 1238, 1)
(247313, 1238, 1)
(247407, 1238, 1)
(247410, 1238, 1)
(9045, 46, 1)
(9150, 46, 1)
(9171, 46, 1)
(9203, 47, 1)
(9326, 47, 1)
(9325, 47, 1)
(9515, 48, 1)
(9588, 48, 1)
(9802, 50, 1)
(9863, 50, 1)
(9880, 50, 1)
(9905, 50, 1)
(9992, 50, 1)
(85172, 426, 1)
(85223, 427, 1)
(85268, 427, 1)
(85396, 427, 1)
(85539, 428, 1)
(85568, 428, 1)
(85650, 429, 1)
(85652, 429, 1)
(85716, 429, 1)
(10028, 51, 1)
(10157, 51, 1)
(10122, 51, 1)
(10335, 52, 1)
(10337, 52, 1)
(10391, 52, 1)
(10448, 53, 1)
(10603, 54, 1)
(10626, 54, 1)
(10651, 54, 1)
(10803, 55, 1)
(31040, 156, 1)
(31027, 156, 1)
(31109, 156, 1)
(31173, 156, 1)
(31333, 157, 1)
(31379, 157, 1)
(31504, 158, 1)
(31555, 158, 1)
(31569, 158, 1)
(31653, 159, 1)
(12148, 61, 1)
(12215, 62, 1)
(12258, 62, 1)
(12311, 62, 1)
(12387, 62, 1)
(12525, 63, 1)
(12564, 63, 1)
(12624, 64, 1)
(12827, 65, 1)
(12889, 65, 1)
(12895, 65, 1)
(12938, 65, 1)
(12973, 65, 1)
(62005, 311, 1)
(62004, 311, 1)
(62197, 311, 1)
(62162, 311, 1)
(62235, 312, 1)
(62240, 312, 1)
(62228, 312, 1)
(62323, 312, 1)
(62346, 312, 1)
(62366, 312, 1)
(62592, 313, 1)
(62621, 314, 1)
(62612, 314, 1)
(62661, 314, 1)
(62732, 314, 1)
(62764, 314, 1)
(23903, 120, 1)
(23906, 120, 1)
(191447, 959, 1)
(191454, 959, 1)
(191490, 959, 1)
(191573, 959, 1)
(191821, 960, 1)
(191982, 961, 1)
(192126, 962, 1)
(192147, 962, 1)
(192169, 962, 1)
(192193, 962, 1)
(192240, 963, 1)
(192265, 963, 1)
(230466, 1154, 1)
(230525, 1154, 1)
(230665, 1155, 1)
(230703, 1155, 1)
(230815, 1155, 1)
(230849, 1156, 1)
(230863, 1156, 1)
(230910, 1156, 1)
(231022, 1156, 1)
(35071, 176, 1)
(35093, 176, 1)
(35153, 176, 1)
(35204, 177, 1)
(35257, 177, 1)
(35366, 177, 1)
(35506, 178, 1)
(35612, 179, 1)
(35745, 179, 1)
(35819, 180, 1)
(35906, 180, 1)
(35968, 180, 1)
(42109, 211, 1)
(42157, 211, 1)
(42162, 211, 1)
(42241, 212, 1)
(42300, 212, 1)
(42266, 212, 1)
(42460, 213, 1)
(42485, 213, 1)
(42458, 213, 1)
(42514, 213, 1)
(42549, 213, 1)
(42621, 214, 1)
(42665, 214, 1)
(42699, 214, 1)
(42766, 214, 1)
(114349, 573, 1)
(114531, 574, 1)
(114778, 575, 1)
(114917, 575, 1)
(117924, 591, 1)
(117990, 591, 1)
(118037, 591, 1)
(118075, 591, 1)
(118078, 591, 1)
(118177, 592, 1)
(118305, 592, 1)
(118413, 593, 1)
(118481, 593, 1)
(118468, 593, 1)
(118533, 594, 1)
(118585, 594, 1)
(118580, 594, 1)
(118641, 594, 1)
(118658, 594, 1)
(118779, 595, 1)
(118796, 595, 1)
(118852, 595, 1)
(125927, 631, 1)
(125930, 631, 1)
(126000, 631, 1)
(125999, 631, 1)
(126111, 631, 1)
(174950, 876, 1)
(175169, 877, 1)
(175282, 877, 1)
(175331, 878, 1)
(175328, 878, 1)
(175354, 878, 1)
(175390, 878, 1)
(175413, 878, 1)
(175562, 879, 1)
(175576, 879, 1)
(175584, 879, 1)
(175594, 879, 1)
(175651, 879, 1)
(175789, 880, 1)
(175830, 880, 1)
(196537, 984, 1)
(196588, 984, 1)
(196705, 985, 1)
(196853, 986, 1)
(196880, 986, 1)
(196936, 986, 1)
(197019, 986, 1)
(197030, 986, 1)
(197194, 987, 1)
(197205, 987, 1)
(197264, 988, 1)
(197345, 988, 1)
(197347, 988, 1)
(197406, 988, 1)
(212457, 1064, 1)
(212467, 1064, 1)
(212592, 1064, 1)
(212600, 1064, 1)
(212822, 1065, 1)
(212918, 1066, 1)
(212913, 1066, 1)
(212957, 1066, 1)
(212980, 1066, 1)
(213105, 1067, 1)
(213163, 1067, 1)
(213162, 1067, 1)
(213242, 1068, 1)
(213340, 1068, 1)
(213436, 1068, 1)
(229475, 1149, 1)
(229548, 1149, 1)
(229606, 1149, 1)
(229607, 1149, 1)
(229643, 1150, 1)
(229774, 1150, 1)
(229821, 1150, 1)
(11080, 56, 1)
(11088, 56, 1)
(11085, 56, 1)
(11191, 56, 1)
(11434, 58, 1)
(11436, 58, 1)
(11466, 58, 1)
(11532, 58, 1)
(11600, 58, 1)
(11606, 59, 1)
(11623, 59, 1)
(11643, 59, 1)
(11758, 59, 1)
(11728, 59, 1)
(11879, 60, 1)
(11891, 60, 1)
(29099, 146, 1)
(29202, 147, 1)
(29224, 147, 1)
(29283, 147, 1)
(29445, 148, 1)
(29480, 148, 1)
(29602, 149, 1)
(29663, 149, 1)
(29721, 149, 1)
(29729, 149, 1)
(29794, 149, 1)
(29798, 149, 1)
(15131, 76, 1)
(15174, 76, 1)
(15211, 77, 1)
(15286, 77, 1)
(15295, 77, 1)
(15290, 77, 1)
(15520, 78, 1)
(15626, 79, 1)
(15660, 79, 1)
(15771, 79, 1)
(15799, 79, 1)
(50150, 251, 1)
(50202, 252, 1)
(50399, 252, 1)
(50386, 252, 1)
(50544, 253, 1)
(50562, 253, 1)
(50589, 253, 1)
(50619, 254, 1)
(50752, 254, 1)
(17026, 86, 1)
(17058, 86, 1)
(17307, 87, 1)
(17390, 87, 1)
(17426, 88, 1)
(17575, 88, 1)
(17604, 89, 1)
(17632, 89, 1)
(17800, 89, 1)
(17799, 89, 1)
(17819, 90, 1)
(17870, 90, 1)
(17899, 90, 1)
(17947, 90, 1)
(23194, 116, 1)
(23266, 117, 1)
(23351, 117, 1)
(23417, 118, 1)
(23669, 119, 1)
(23773, 119, 1)
(29856, 150, 1)
(29887, 150, 1)
(29921, 150, 1)
(29951, 150, 1)
(29995, 150, 1)
(90034, 451, 1)
(90069, 451, 1)
(90073, 451, 1)
(90167, 451, 1)
(90254, 452, 1)
(90379, 452, 1)
(90501, 453, 1)
(90532, 453, 1)
(90654, 454, 1)
(90660, 454, 1)
(90830, 455, 1)
(90853, 455, 1)
(125054, 626, 1)
(125061, 626, 1)
(125125, 627, 1)
(125204, 627, 1)
(125235, 627, 1)
(125256, 627, 1)
(125332, 628, 1)
(125361, 628, 1)
(125451, 628, 1)
(125436, 628, 1)
(125456, 628, 1)
(37802, 190, 1)
(37876, 190, 1)
(37882, 190, 1)
(37895, 190, 1)
(46027, 231, 1)
(46037, 231, 1)
(46254, 232, 1)
(46314, 232, 1)
(46350, 232, 1)
(46562, 233, 1)
(46585, 233, 1)
(46591, 233, 1)
(46613, 234, 1)
(46702, 234, 1)
(46729, 234, 1)
(46677, 234, 1)
(46760, 234, 1)
(46796, 234, 1)
(46830, 235, 1)
(46838, 235, 1)
(46903, 235, 1)
(46977, 235, 1)
(47010, 236, 1)
(47065, 236, 1)
(47131, 236, 1)
(47248, 237, 1)
(47345, 237, 1)
(47371, 237, 1)
(47372, 237, 1)
(47438, 238, 1)
(47460, 238, 1)
(47530, 238, 1)
(47597, 238, 1)
(61873, 310, 1)
(61915, 310, 1)
(61946, 310, 1)
(75007, 376, 1)
(75207, 377, 1)
(75247, 377, 1)
(75334, 377, 1)
(75388, 377, 1)
(75403, 378, 1)
(75535, 378, 1)
(75540, 378, 1)
(75646, 379, 1)
(75645, 379, 1)
(75650, 379, 1)
(75740, 379, 1)
(75832, 380, 1)
(83026, 416, 1)
(83140, 416, 1)
(83208, 417, 1)
(83344, 417, 1)
(83383, 417, 1)
(83406, 418, 1)
(83404, 418, 1)
(83442, 418, 1)
(83452, 418, 1)
(83499, 418, 1)
(83531, 418, 1)
(83520, 418, 1)
(144328, 723, 1)
(144324, 723, 1)
(144391, 723, 1)
(144387, 723, 1)
(144419, 723, 1)
(144583, 724, 1)
(144673, 724, 1)
(144670, 724, 1)
(144737, 725, 1)
(144783, 725, 1)
(144786, 725, 1)
(144859, 725, 1)
(169954, 851, 1)
(169998, 851, 1)
(170023, 851, 1)
(170081, 851, 1)
(170091, 851, 1)
(170145, 852, 1)
(170286, 852, 1)
(170321, 853, 1)
(170385, 853, 1)
(170368, 853, 1)
(170516, 853, 1)
(170717, 854, 1)
(170757, 855, 1)
(170832, 855, 1)
(153946, 771, 1)
(153959, 771, 1)
(154069, 771, 1)
(154108, 771, 1)
(154243, 772, 1)
(154262, 772, 1)
(154324, 773, 1)
(154499, 773, 1)
(154554, 774, 1)
(154587, 774, 1)
(154582, 774, 1)
(154837, 775, 1)
(154879, 775, 1)
(154916, 775, 1)
(168181, 842, 1)
(168217, 842, 1)
(168275, 842, 1)
(168350, 843, 1)
(168383, 843, 1)
(168449, 843, 1)
(168460, 843, 1)
(168490, 843, 1)
(168494, 843, 1)
(168464, 843, 1)
(168554, 844, 1)
(168623, 844, 1)
(168627, 844, 1)
(168720, 845, 1)
(168822, 845, 1)
(168815, 845, 1)
(168852, 845, 1)
(161400, 808, 1)
(161402, 808, 1)
(161432, 808, 1)
(161509, 808, 1)
(161573, 809, 1)
(161618, 809, 1)
(161794, 810, 1)
(161880, 810, 1)
(161886, 810, 1)
(166926, 836, 1)
(167060, 836, 1)
(167202, 837, 1)
(167380, 838, 1)
(167442, 838, 1)
(167439, 838, 1)
(167436, 838, 1)
(167450, 838, 1)
(167518, 838, 1)
(167832, 840, 1)
(167911, 840, 1)
(173933, 871, 1)
(174025, 871, 1)
(174051, 871, 1)
(174096, 871, 1)
(162326, 813, 1)
(162447, 813, 1)
(162464, 813, 1)
(162500, 813, 1)
(162556, 814, 1)
(162754, 815, 1)
(168927, 846, 1)
(168985, 846, 1)
(169106, 846, 1)
(169171, 847, 1)
(169184, 847, 1)
(169192, 847, 1)
(169256, 847, 1)
(169287, 847, 1)
(169351, 848, 1)
(169430, 848, 1)
(169471, 848, 1)
(169542, 849, 1)
(169572, 849, 1)
(169568, 849, 1)
(169641, 849, 1)
(169689, 849, 1)
(169744, 850, 1)
(170942, 856, 1)
(170978, 856, 1)
(171017, 856, 1)
(171076, 856, 1)
(171095, 856, 1)
(171122, 857, 1)
(171138, 857, 1)
(171177, 857, 1)
(171306, 857, 1)
(171364, 858, 1)
(171503, 858, 1)
(171485, 858, 1)
(171603, 859, 1)
(171638, 859, 1)
(171653, 859, 1)
(171726, 860, 1)
(171772, 860, 1)
(171836, 860, 1)
(180936, 906, 1)
(180947, 906, 1)
(181011, 906, 1)
(181036, 906, 1)
(181110, 906, 1)
(181182, 907, 1)
(181168, 907, 1)
(181323, 908, 1)
(206689, 1035, 1)
(206808, 1035, 1)
(206858, 1036, 1)
(206924, 1036, 1)
(207038, 1037, 1)
(207101, 1037, 1)
(207296, 1038, 1)
(207396, 1038, 1)
(209439, 1049, 1)
(209438, 1049, 1)
(209506, 1049, 1)
(209610, 1049, 1)
(209677, 1050, 1)
(209687, 1050, 1)
(209710, 1050, 1)
(209756, 1050, 1)
(209797, 1050, 1)
(209795, 1050, 1)
(209882, 1051, 1)
(210400, 1053, 1)
(50833, 255, 1)
(50939, 255, 1)
(50938, 255, 1)
(50944, 255, 1)
(70087, 351, 1)
(70132, 351, 1)
(70135, 351, 1)
(70317, 352, 1)
(70414, 353, 1)
(70419, 353, 1)
(70439, 353, 1)
(70450, 353, 1)
(70592, 353, 1)
(70788, 354, 1)
(70948, 355, 1)
(70964, 355, 1)
(76107, 381, 1)
(76128, 381, 1)
(76293, 382, 1)
(76409, 383, 1)
(76416, 383, 1)
(76457, 383, 1)
(76526, 383, 1)
(76554, 383, 1)
(76584, 383, 1)
(73030, 366, 1)
(73047, 366, 1)
(73065, 366, 1)
(73245, 367, 1)
(73242, 367, 1)
(73328, 367, 1)
(73497, 368, 1)
(73463, 368, 1)
(73551, 368, 1)
(73566, 368, 1)
(73576, 368, 1)
(73783, 369, 1)
(73776, 369, 1)
(73797, 369, 1)
(106031, 531, 1)
(106057, 531, 1)
(106098, 531, 1)
(106169, 532, 1)
(106220, 532, 1)
(106247, 532, 1)
(106331, 533, 1)
(106358, 533, 1)
(106447, 533, 1)
(66606, 334, 1)
(66690, 334, 1)
(66699, 334, 1)
(66716, 334, 1)
(66806, 335, 1)
(66961, 335, 1)
(66991, 335, 1)
(92924, 466, 1)
(92993, 466, 1)
(93204, 467, 1)
(93190, 467, 1)
(93312, 467, 1)
(93317, 467, 1)
(93321, 468, 1)
(93333, 468, 1)
(93459, 468, 1)
(93510, 468, 1)
(93567, 469, 1)
(93597, 469, 1)
(93720, 470, 1)
(93810, 470, 1)
(155005, 776, 1)
(155023, 776, 1)
(155189, 777, 1)
(155196, 777, 1)
(155283, 777, 1)
(155287, 777, 1)
(81654, 409, 1)
(81737, 409, 1)
(81747, 409, 1)
(81782, 409, 1)
(81908, 410, 1)
(81996, 410, 1)
(97131, 487, 1)
(97119, 487, 1)
(97147, 487, 1)
(97171, 487, 1)
(97232, 487, 1)
(97237, 487, 1)
(97255, 487, 1)
(97313, 487, 1)
(97307, 487, 1)
(97340, 488, 1)
(97372, 488, 1)
(97432, 488, 1)
(97476, 488, 1)
(97487, 488, 1)
(97538, 489, 1)
(97617, 489, 1)
(97623, 489, 1)
(97667, 489, 1)
(97726, 490, 1)
(97728, 490, 1)
(97765, 490, 1)
(97867, 490, 1)
(97909, 490, 1)
(143973, 721, 1)
(143983, 721, 1)
(144003, 721, 1)
(143985, 721, 1)
(144106, 721, 1)
(144095, 721, 1)
(144181, 722, 1)
(144317, 722, 1)
(92674, 464, 1)
(92680, 464, 1)
(92678, 464, 1)
(92787, 465, 1)
(131952, 661, 1)
(131942, 661, 1)
(132058, 661, 1)
(132128, 662, 1)
(132140, 662, 1)
(132161, 662, 1)
(132184, 662, 1)
(132267, 662, 1)
(132512, 663, 1)
(132524, 664, 1)
(132611, 664, 1)
(132614, 664, 1)
(132724, 665, 1)
(132738, 665, 1)
(132761, 665, 1)
(132780, 665, 1)
(132831, 665, 1)
(185498, 929, 1)
(185528, 929, 1)
(185545, 929, 1)
(185579, 929, 1)
(185622, 929, 1)
(185596, 929, 1)
(185651, 930, 1)
(185668, 930, 1)
(185683, 930, 1)
(185718, 930, 1)
(185763, 930, 1)
(185789, 930, 1)
(115378, 578, 1)
(115396, 578, 1)
(115430, 578, 1)
(115476, 578, 1)
(115763, 580, 1)
(115752, 580, 1)
(115772, 580, 1)
(115785, 580, 1)
(133020, 666, 1)
(133045, 666, 1)
(133080, 666, 1)
(133100, 666, 1)
(133176, 667, 1)
(133195, 667, 1)
(133189, 667, 1)
(133263, 667, 1)
(133296, 667, 1)
(133332, 668, 1)
(133500, 668, 1)
(133565, 669, 1)
(133613, 669, 1)
(133662, 669, 1)
(133744, 670, 1)
(133794, 670, 1)
(133811, 670, 1)
(134108, 671, 1)
(134101, 671, 1)
(125646, 629, 1)
(125678, 629, 1)
(125807, 630, 1)
(157039, 786, 1)
(157073, 786, 1)
(157085, 786, 1)
(157174, 787, 1)
(157254, 787, 1)
(157276, 787, 1)
(157507, 788, 1)
(157504, 788, 1)
(157536, 789, 1)
(157544, 789, 1)
(157561, 789, 1)
(157575, 789, 1)
(157608, 789, 1)
(157666, 789, 1)
(157729, 790, 1)
(157779, 790, 1)
(157773, 790, 1)
(157742, 790, 1)
(157828, 790, 1)
(157914, 790, 1)
(161929, 811, 1)
(162008, 811, 1)
(162020, 811, 1)
(162055, 811, 1)
(162098, 811, 1)
(162233, 812, 1)
(162217, 812, 1)
(162284, 812, 1)
(134129, 672, 1)
(134336, 673, 1)
(134450, 673, 1)
(134460, 673, 1)
(134602, 674, 1)
(134626, 674, 1)
(134637, 674, 1)
(134696, 674, 1)
(134735, 675, 1)
(134869, 675, 1)
(134867, 675, 1)
(140930, 706, 1)
(141022, 706, 1)
(141110, 706, 1)
(141141, 707, 1)
(141168, 707, 1)
(141208, 707, 1)
(141278, 707, 1)
(141363, 708, 1)
(141465, 708, 1)
(141488, 708, 1)
(141482, 708, 1)
(141591, 709, 1)
(141655, 709, 1)
(141777, 710, 1)
(141809, 710, 1)
(174200, 872, 1)
(174250, 872, 1)
(174234, 872, 1)
(174278, 872, 1)
(174362, 873, 1)
(174425, 873, 1)
(174698, 874, 1)
(174736, 875, 1)
(174865, 875, 1)
(174856, 875, 1)
(188480, 944, 1)
(188554, 944, 1)
(188584, 944, 1)
(188640, 945, 1)
(188671, 945, 1)
(188670, 945, 1)
(188704, 945, 1)
(188731, 945, 1)
(188772, 945, 1)
(188878, 946, 1)
(188879, 946, 1)
(188926, 946, 1)
(188929, 946, 1)
(188955, 946, 1)
(189002, 946, 1)
(189040, 947, 1)
(189127, 947, 1)
(189160, 947, 1)
(189263, 948, 1)
(189289, 948, 1)
(111337, 558, 1)
(111341, 558, 1)
(111473, 558, 1)
(111486, 558, 1)
(111594, 559, 1)
(111710, 559, 1)
(111809, 560, 1)
(127940, 641, 1)
(128023, 641, 1)
(128065, 641, 1)
(128082, 641, 1)
(128386, 643, 1)
(128526, 644, 1)
(128552, 644, 1)
(128620, 644, 1)
(128648, 644, 1)
(128660, 644, 1)
(128722, 645, 1)
(128862, 645, 1)
(128867, 645, 1)
(128884, 645, 1)
(138908, 695, 1)
(142440, 713, 1)
(142530, 714, 1)
(142535, 714, 1)
(142570, 714, 1)
(142612, 714, 1)
(142668, 714, 1)
(142846, 715, 1)
(142900, 715, 1)
(150378, 753, 1)
(150445, 753, 1)
(150523, 754, 1)
(150608, 754, 1)
(150747, 755, 1)
(150749, 755, 1)
(150786, 755, 1)
(150818, 755, 1)
(150851, 755, 1)
(150884, 755, 1)
(152051, 761, 1)
(152191, 762, 1)
(152206, 762, 1)
(152309, 762, 1)
(152345, 763, 1)
(152439, 763, 1)
(152726, 765, 1)
(152767, 765, 1)
(152772, 765, 1)
(152891, 765, 1)
(162944, 816, 1)
(162980, 816, 1)
(162992, 816, 1)
(163033, 816, 1)
(163113, 816, 1)
(163452, 818, 1)
(163631, 819, 1)
(163645, 819, 1)
(163661, 819, 1)
(163682, 819, 1)
(163720, 820, 1)
(163799, 820, 1)
(176145, 882, 1)
(176187, 882, 1)
(176260, 882, 1)
(176366, 883, 1)
(176504, 883, 1)
(176515, 883, 1)
(176541, 884, 1)
(176594, 884, 1)
(176681, 884, 1)
(176835, 885, 1)
(176890, 885, 1)
(176881, 885, 1)
(176893, 885, 1)
(190837, 956, 1)
(190882, 956, 1)
(190895, 956, 1)
(190939, 956, 1)
(190956, 956, 1)
(190965, 956, 1)
(190993, 956, 1)
(191192, 957, 1)
(191196, 957, 1)
(191247, 958, 1)
(191366, 958, 1)
(193461, 969, 1)
(193542, 969, 1)
(193577, 969, 1)
(193673, 970, 1)
(193897, 971, 1)
(194033, 971, 1)
(194049, 972, 1)
(194053, 972, 1)
(194122, 972, 1)
(194181, 972, 1)
(194295, 973, 1)
(194330, 973, 1)
(194395, 973, 1)
(194423, 973, 1)
(204899, 1026, 1)
(204980, 1026, 1)
(205023, 1026, 1)
(205028, 1026, 1)
(205107, 1027, 1)
(205121, 1027, 1)
(205137, 1027, 1)
(205187, 1027, 1)
(205231, 1027, 1)
(205358, 1028, 1)
(205426, 1028, 1)
(213478, 1069, 1)
(213609, 1069, 1)
(213633, 1069, 1)
(213670, 1070, 1)
(213733, 1070, 1)
(213768, 1070, 1)
(213867, 1071, 1)
(213960, 1071, 1)
(214047, 1072, 1)
(214096, 1072, 1)
(214120, 1072, 1)
(214253, 1073, 1)
(214298, 1073, 1)
(214367, 1073, 1)
(214372, 1073, 1)
(229857, 1151, 1)
(229931, 1151, 1)
(229970, 1151, 1)
(230110, 1152, 1)
(230180, 1152, 1)
(230182, 1152, 1)
(230194, 1152, 1)
(230189, 1152, 1)
(230230, 1152, 1)
(230281, 1153, 1)
(234018, 1171, 1)
(234051, 1172, 1)
(234120, 1172, 1)
(234099, 1172, 1)
(234149, 1172, 1)
(234337, 1173, 1)
(234353, 1173, 1)
(234921, 1176, 1)
(235033, 1176, 1)
(235053, 1177, 1)
(235121, 1177, 1)
(235080, 1177, 1)
(235185, 1177, 1)
(235273, 1178, 1)
(235288, 1178, 1)
(235337, 1178, 1)
(235400, 1178, 1)
(235387, 1178, 1)
(238667, 1195, 1)
(238693, 1195, 1)
(238741, 1195, 1)
(238778, 1195, 1)
(238845, 1196, 1)
(238956, 1196, 1)
(238951, 1196, 1)
(239046, 1197, 1)
(239039, 1197, 1)
(239154, 1197, 1)
(239239, 1198, 1)
(239297, 1198, 1)
(239291, 1198, 1)
(239336, 1198, 1)
(239395, 1198, 1)
(241856, 1211, 1)
(241927, 1211, 1)
(242013, 1211, 1)
(242011, 1211, 1)
(242098, 1212, 1)
(242106, 1212, 1)
(242134, 1212, 1)
(242253, 1213, 1)
(242300, 1213, 1)
(242322, 1213, 1)
(242309, 1213, 1)
(242683, 1215, 1)
(242693, 1215, 1)
(242749, 1215, 1)
(242907, 1216, 1)
(243043, 1217, 1)
(243075, 1217, 1)
(243224, 1217, 1)
(243316, 1218, 1)
(243334, 1218, 1)
(243343, 1218, 1)
(243367, 1218, 1)
(243416, 1218, 1)
(243408, 1218, 1)
(245870, 1231, 1)
(245890, 1231, 1)
(246032, 1231, 1)
(246040, 1232, 1)
(246067, 1232, 1)
(246043, 1232, 1)
(246079, 1232, 1)
(246109, 1232, 1)
(246199, 1232, 1)
(246269, 1233, 1)
(246311, 1233, 1)
(246375, 1233, 1)
(246397, 1233, 1)
(248888, 1246, 1)
(249017, 1246, 1)
(249051, 1247, 1)
(249067, 1247, 1)
(249085, 1247, 1)
(249128, 1247, 1)
(249141, 1247, 1)
(249215, 1247, 1)
(249306, 1248, 1)
(249373, 1248, 1)
(249430, 1248, 1)
(24845, 125, 1)
(24873, 125, 1)
(24958, 125, 1)
(56164, 281, 1)
(56222, 282, 1)
(56226, 282, 1)
(56517, 283, 1)
(56554, 283, 1)
(56610, 284, 1)
(56679, 284, 1)
(56706, 284, 1)
(56735, 284, 1)
(56798, 284, 1)
(56806, 285, 1)
(56853, 285, 1)
(56988, 285, 1)
(82081, 411, 1)
(82144, 411, 1)
(82190, 411, 1)
(82230, 412, 1)
(82263, 412, 1)
(82390, 412, 1)
(82513, 413, 1)
(82544, 413, 1)
(82563, 413, 1)
(82580, 413, 1)
(32087, 161, 1)
(32190, 161, 1)
(32252, 162, 1)
(32282, 162, 1)
(32297, 162, 1)
(32376, 162, 1)
(32394, 162, 1)
(32426, 163, 1)
(32544, 163, 1)
(32685, 164, 1)
(32693, 164, 1)
(32755, 164, 1)
(32744, 164, 1)
(32828, 165, 1)
(192467, 964, 1)
(192523, 964, 1)
(192532, 964, 1)
(192545, 964, 1)
(192659, 965, 1)
(192649, 965, 1)
(192706, 965, 1)
(192718, 965, 1)
(192778, 965, 1)
(192875, 966, 1)
(192910, 966, 1)
(193079, 967, 1)
(193104, 967, 1)
(193128, 967, 1)
(193200, 967, 1)
(91604, 459, 1)
(91607, 459, 1)
(91637, 459, 1)
(91707, 459, 1)
(91675, 459, 1)
(91714, 459, 1)
(91726, 460, 1)
(91858, 460, 1)
(98919, 496, 1)
(99070, 496, 1)
(99085, 496, 1)
(99158, 497, 1)
(99367, 498, 1)
(99434, 498, 1)
(99621, 499, 1)
(99649, 499, 1)
(99671, 499, 1)
(99804, 500, 1)
(99815, 500, 1)
(99828, 500, 1)
(99855, 500, 1)
(99874, 500, 1)
(99890, 500, 1)
(130928, 656, 1)
(131055, 656, 1)
(131213, 657, 1)
(173269, 867, 1)
(173365, 868, 1)
(173386, 868, 1)
(173392, 868, 1)
(173395, 868, 1)
(173414, 868, 1)
(173643, 869, 1)
(173656, 869, 1)
(173725, 870, 1)
(173735, 870, 1)
(173868, 870, 1)
(173890, 870, 1)
(217550, 1089, 1)
(217595, 1089, 1)
(217565, 1089, 1)
(217602, 1089, 1)
(217715, 1090, 1)
(217823, 1090, 1)
(217844, 1091, 1)
(217871, 1091, 1)
(217879, 1091, 1)
(217918, 1091, 1)
(217988, 1091, 1)
(217985, 1091, 1)
(218050, 1092, 1)
(218037, 1092, 1)
(218086, 1092, 1)
(218129, 1092, 1)
(218143, 1092, 1)
(218284, 1093, 1)
(218307, 1093, 1)
(218352, 1093, 1)
(187239, 938, 1)
(187427, 938, 1)
(203446, 1019, 1)
(203555, 1019, 1)
(203576, 1019, 1)
(203920, 1021, 1)
(204019, 1021, 1)
(204060, 1022, 1)
(204144, 1022, 1)
(204326, 1023, 1)
(204337, 1023, 1)
(210604, 1054, 1)
(210642, 1055, 1)
(210649, 1055, 1)
(210704, 1055, 1)
(210762, 1055, 1)
(210839, 1056, 1)
(210874, 1056, 1)
(214437, 1074, 1)
(214514, 1074, 1)
(214538, 1074, 1)
(214589, 1074, 1)
(214691, 1075, 1)
(214670, 1075, 1)
(214761, 1075, 1)
(214791, 1075, 1)
(215054, 1077, 1)
(215281, 1078, 1)
(215354, 1078, 1)
(239519, 1199, 1)
(239587, 1199, 1)
(239645, 1200, 1)
(239692, 1200, 1)
(239707, 1200, 1)
(239736, 1200, 1)
(239754, 1200, 1)
(239782, 1200, 1)
(239835, 1200, 1)
(239838, 1201, 1)
(239873, 1201, 1)
(239981, 1201, 1)
(199137, 997, 1)
(199139, 997, 1)
(199226, 997, 1)
(199268, 998, 1)
(199290, 998, 1)
(199304, 998, 1)
(200497, 1004, 1)
(200631, 1004, 1)
(200664, 1005, 1)
(200731, 1005, 1)
(200757, 1005, 1)
(200767, 1005, 1)
(200780, 1005, 1)
(200854, 1006, 1)
(200866, 1006, 1)
(200889, 1006, 1)
(201045, 1007, 1)
(201044, 1007, 1)
(201088, 1007, 1)
(201138, 1007, 1)
(201156, 1007, 1)
(201179, 1007, 1)
(201185, 1007, 1)
(201419, 1008, 1)
(220470, 1104, 1)
(220500, 1104, 1)
(220575, 1104, 1)
(220746, 1105, 1)
(220795, 1105, 1)
(220815, 1105, 1)
(209152, 1047, 1)
(209204, 1047, 1)
(209371, 1048, 1)
(209387, 1048, 1)
(209432, 1048, 1)
(244455, 1224, 1)
(244563, 1224, 1)
(244638, 1225, 1)
(244661, 1225, 1)
(244694, 1225, 1)
(244852, 1226, 1)
(244846, 1226, 1)
(244860, 1226, 1)
(244874, 1226, 1)
(244961, 1226, 1)
(245044, 1227, 1)
(245055, 1227, 1)
(245056, 1227, 1)
(245207, 1227, 1)
(245226, 1227, 1)
(245308, 1228, 1)
(245423, 1228, 1)
(245456, 1229, 1)
(245462, 1229, 1)
(245467, 1229, 1)
(245515, 1229, 1)
(245716, 1230, 1)
(245663, 1230, 1)
(245748, 1230, 1)
(245814, 1230, 1)
(227049, 1137, 1)
(227062, 1137, 1)
(227144, 1137, 1)
(227207, 1137, 1)
(227261, 1138, 1)
(227319, 1138, 1)
(227359, 1138, 1)
(227447, 1139, 1)
(227610, 1139, 1)
(227619, 1139, 1)
(227622, 1139, 1)
(227663, 1140, 1)
(227715, 1140, 1)
(227766, 1140, 1)
(227812, 1140, 1)
(227960, 1141, 1)
(228037, 1142, 1)
(228309, 1143, 1)
(228363, 1143, 1)
(228393, 1143, 1)
(228476, 1144, 1)
(228483, 1144, 1)
(228564, 1144, 1)
(228681, 1145, 1)
(228721, 1145, 1)
(228720, 1145, 1)
(240122, 1202, 1)
(240189, 1202, 1)
(240330, 1203, 1)
(240435, 1203, 1)
(247461, 1239, 1)
(247581, 1239, 1)
(247625, 1239, 1)
(247663, 1240, 1)
(247740, 1240, 1)
(247791, 1240, 1)
(247822, 1240, 1)
(248021, 1241, 1)
(248049, 1242, 1)
(248088, 1242, 1)
(248106, 1242, 1)
(248173, 1242, 1)
(248206, 1242, 1)
(248231, 1242, 1)
(248396, 1243, 1)
(248427, 1243, 1)
(248429, 1243, 1)
(248557, 1244, 1)
(248614, 1244, 1)
(248651, 1245, 1)
(248807, 1245, 1)
(248832, 1245, 1)
(4077, 21, 1)
(4093, 21, 1)
(4129, 21, 1)
(4185, 21, 1)
(4164, 21, 1)
(4203, 22, 1)
(4221, 22, 1)
(4228, 22, 1)
(4304, 22, 1)
(4279, 22, 1)
(4298, 22, 1)
(4323, 22, 1)
(4390, 22, 1)
(4411, 23, 1)
(4436, 23, 1)
(4528, 23, 1)
(4697, 24, 1)
(4773, 24, 1)
(4788, 24, 1)
(4909, 25, 1)
(37062, 186, 1)
(37163, 186, 1)
(37401, 188, 1)
(37508, 188, 1)
(37732, 189, 1)
(37785, 189, 1)
(27257, 137, 1)
(27516, 138, 1)
(27545, 138, 1)
(27563, 138, 1)
(27633, 139, 1)
(27693, 139, 1)
(27685, 139, 1)
(27896, 140, 1)
(43031, 216, 1)
(43094, 216, 1)
(43095, 216, 1)
(43324, 217, 1)
(43489, 218, 1)
(43633, 219, 1)
(43716, 219, 1)
(43717, 219, 1)
(43721, 219, 1)
(33802, 170, 1)
(33944, 170, 1)
(36012, 181, 1)
(36036, 181, 1)
(36185, 181, 1)
(36194, 181, 1)
(36277, 182, 1)
(36284, 182, 1)
(36285, 182, 1)
(36392, 182, 1)
(36390, 182, 1)
(36485, 183, 1)
(36492, 183, 1)
(36496, 183, 1)
(36519, 183, 1)
(36545, 183, 1)
(36636, 184, 1)
(36657, 184, 1)
(36738, 184, 1)
(36749, 184, 1)
(45119, 226, 1)
(45172, 226, 1)
(45169, 226, 1)
(45274, 227, 1)
(45364, 227, 1)
(45406, 228, 1)
(45408, 228, 1)
(45444, 228, 1)
(45497, 228, 1)
(45550, 228, 1)
(45553, 228, 1)
(45584, 228, 1)
(47607, 239, 1)
(47690, 239, 1)
(47772, 239, 1)
(47773, 239, 1)
(47841, 240, 1)
(47892, 240, 1)
(126944, 636, 1)
(126941, 636, 1)
(127050, 636, 1)
(127135, 637, 1)
(127162, 637, 1)
(127163, 637, 1)
(127316, 637, 1)
(127409, 638, 1)
(127506, 638, 1)
(127475, 638, 1)
(127596, 639, 1)
(127711, 639, 1)
(127693, 639, 1)
(127837, 640, 1)
(127863, 640, 1)
(127849, 640, 1)
(127892, 640, 1)
(127909, 640, 1)
(149924, 751, 1)
(149935, 751, 1)
(149960, 751, 1)
(149989, 751, 1)
(150044, 751, 1)
(150070, 751, 1)
(150085, 751, 1)
(150097, 751, 1)
(150033, 751, 1)
(150161, 752, 1)
(100072, 501, 1)
(100107, 501, 1)
(100061, 501, 1)
(100168, 502, 1)
(100191, 502, 1)
(100183, 502, 1)
(100218, 502, 1)
(100211, 502, 1)
(100309, 502, 1)
(100315, 502, 1)
(100447, 503, 1)
(100662, 504, 1)
(100669, 504, 1)
(100778, 505, 1)
(100777, 505, 1)
(100833, 505, 1)
(100834, 505, 1)
(181464, 909, 1)
(181480, 909, 1)
(181564, 909, 1)
(181579, 909, 1)
(181592, 909, 1)
(181657, 910, 1)
(181638, 910, 1)
(181674, 910, 1)
(181779, 910, 1)
(181787, 910, 1)
(181841, 911, 1)
(181882, 911, 1)
(181990, 911, 1)
(182012, 911, 1)
(182036, 911, 1)
(182046, 912, 1)
(182133, 912, 1)
(182137, 912, 1)
(182178, 912, 1)
(121735, 610, 1)
(121908, 610, 1)
(144991, 726, 1)
(144979, 726, 1)
(145012, 726, 1)
(145021, 726, 1)
(145046, 726, 1)
(145243, 727, 1)
(145298, 727, 1)
(145365, 728, 1)
(145447, 728, 1)
(145556, 729, 1)
(145615, 729, 1)
(145652, 729, 1)
(145687, 729, 1)
(145709, 729, 1)
(145869, 730, 1)
(145876, 730, 1)
(157936, 791, 1)
(157947, 791, 1)
(157951, 791, 1)
(157965, 791, 1)
(157967, 791, 1)
(158008, 791, 1)
(158217, 792, 1)
(158306, 792, 1)
(158318, 792, 1)
(126144, 632, 1)
(126138, 632, 1)
(126226, 632, 1)
(126431, 633, 1)
(126515, 633, 1)
(126573, 634, 1)
(126636, 634, 1)
(126714, 634, 1)
(126731, 635, 1)
(126840, 635, 1)
(126886, 635, 1)
(176939, 886, 1)
(176977, 886, 1)
(177027, 886, 1)
(177096, 886, 1)
(177122, 887, 1)
(177179, 887, 1)
(177197, 887, 1)
(177200, 887, 1)
(177253, 887, 1)
(177260, 887, 1)
(177366, 888, 1)
(177398, 888, 1)
(177608, 889, 1)
(177662, 889, 1)
(177713, 889, 1)
(177719, 890, 1)
(177779, 890, 1)
(201641, 1010, 1)
(201666, 1010, 1)
(201673, 1010, 1)
(201934, 1011, 1)
(201940, 1011, 1)
(201945, 1011, 1)
(201996, 1011, 1)
(202051, 1012, 1)
(202060, 1012, 1)
(202086, 1012, 1)
(202310, 1013, 1)
(202346, 1013, 1)
(202338, 1013, 1)
(211615, 1059, 1)
(211622, 1059, 1)
(211653, 1060, 1)
(211845, 1061, 1)
(211935, 1061, 1)
(212104, 1062, 1)
(212167, 1062, 1)
(212207, 1062, 1)
(212230, 1062, 1)
(212250, 1063, 1)
(212281, 1063, 1)
(212313, 1063, 1)
(212383, 1063, 1)
(221860, 1111, 1)
(221922, 1111, 1)
(222048, 1112, 1)
(222088, 1112, 1)
(222091, 1112, 1)
(222095, 1112, 1)
(222220, 1112, 1)
(222284, 1113, 1)
(225480, 1129, 1)
(225678, 1130, 1)
(225721, 1130, 1)
(225716, 1130, 1)
(225823, 1130, 1)
(225889, 1131, 1)
(225909, 1131, 1)
(225948, 1131, 1)
(226086, 1132, 1)
(226178, 1132, 1)
(226307, 1133, 1)
(226394, 1133, 1)
(226434, 1133, 1)
(242459, 1214, 1)
(242473, 1214, 1)
(231076, 1157, 1)
(231044, 1157, 1)
(231095, 1157, 1)
(231131, 1157, 1)
(231179, 1157, 1)
(231189, 1157, 1)
(231276, 1158, 1)
(231298, 1158, 1)
(231340, 1158, 1)
(231383, 1158, 1)
(231440, 1159, 1)
(231624, 1159, 1)
(231614, 1159, 1)
(231722, 1160, 1)
(231738, 1160, 1)
(231798, 1160, 1)
(231811, 1160, 1)
(231892, 1161, 1)
(232121, 1162, 1)
(232224, 1162, 1)
(232254, 1163, 1)
(232346, 1163, 1)
(241455, 1209, 1)
(241504, 1209, 1)
(241501, 1209, 1)
(241571, 1209, 1)
(241581, 1209, 1)
(241604, 1209, 1)
(241641, 1210, 1)
(241693, 1210, 1)
(13028, 66, 1)
(13051, 66, 1)
(13211, 67, 1)
(13232, 67, 1)
(13404, 68, 1)
(13407, 68, 1)
(13725, 69, 1)
(13762, 69, 1)
(13849, 70, 1)
(13945, 70, 1)
(13969, 70, 1)
(13974, 70, 1)
(139074, 696, 1)
(139137, 697, 1)
(139128, 697, 1)
(139257, 697, 1)
(139325, 698, 1)
(139388, 698, 1)
(139387, 698, 1)
(139452, 698, 1)
(139568, 699, 1)
(139553, 699, 1)
(139650, 699, 1)
(18821, 95, 1)
(18856, 95, 1)
(18893, 95, 1)
(40008, 201, 1)
(40077, 201, 1)
(40140, 201, 1)
(40209, 202, 1)
(40383, 202, 1)
(40468, 203, 1)
(40506, 203, 1)
(40549, 203, 1)
(40640, 204, 1)
(40616, 204, 1)
(40673, 204, 1)
(40797, 204, 1)
(40814, 205, 1)
(40858, 205, 1)
(40908, 205, 1)
(40998, 205, 1)
(94959, 476, 1)
(94968, 476, 1)
(95022, 476, 1)
(95085, 476, 1)
(95100, 476, 1)
(95125, 477, 1)
(95204, 477, 1)
(95400, 478, 1)
(22071, 111, 1)
(22045, 111, 1)
(22078, 111, 1)
(22099, 111, 1)
(22159, 111, 1)
(22200, 111, 1)
(22212, 112, 1)
(22215, 112, 1)
(22391, 112, 1)
(22398, 112, 1)
(22397, 112, 1)
(22438, 113, 1)
(22492, 113, 1)
(22604, 114, 1)
(22777, 114, 1)
(22891, 115, 1)
(22940, 115, 1)
(24229, 122, 1)
(24308, 122, 1)
(24307, 122, 1)
(24303, 122, 1)
(24345, 122, 1)
(24369, 122, 1)
(24475, 123, 1)
(24543, 123, 1)
(24597, 123, 1)
(24643, 124, 1)
(24687, 124, 1)
(24671, 124, 1)
(26001, 131, 1)
(26031, 131, 1)
(26081, 131, 1)
(26158, 131, 1)
(26135, 131, 1)
(26205, 132, 1)
(26326, 132, 1)
(26535, 133, 1)
(26597, 133, 1)
(26611, 134, 1)
(26642, 134, 1)
(26681, 134, 1)
(26705, 134, 1)
(26808, 135, 1)
(26829, 135, 1)
(26837, 135, 1)
(61157, 306, 1)
(61372, 307, 1)
(61446, 308, 1)
(61461, 308, 1)
(61505, 308, 1)
(61543, 308, 1)
(61601, 309, 1)
(61615, 309, 1)
(61677, 309, 1)
(61739, 309, 1)
(58932, 295, 1)
(184515, 924, 1)
(184530, 924, 1)
(184534, 924, 1)
(184593, 924, 1)
(184805, 925, 1)
(184931, 926, 1)
(184939, 926, 1)
(184952, 926, 1)
(185032, 926, 1)
(185136, 927, 1)
(185129, 927, 1)
(185139, 927, 1)
(185183, 927, 1)
(185184, 927, 1)
(185258, 928, 1)
(185318, 928, 1)
(185396, 928, 1)
(195538, 979, 1)
(195543, 979, 1)
(195552, 979, 1)
(195580, 979, 1)
(195691, 980, 1)
(195704, 980, 1)
(195715, 980, 1)
(195731, 980, 1)
(195763, 980, 1)
(195768, 980, 1)
(195782, 980, 1)
(195872, 981, 1)
(195860, 981, 1)
(195994, 981, 1)
(196031, 981, 1)
(59810, 300, 1)
(59921, 300, 1)
(59940, 300, 1)
(72029, 361, 1)
(72068, 361, 1)
(72154, 361, 1)
(72161, 361, 1)
(72252, 362, 1)
(72319, 362, 1)
(72369, 362, 1)
(72381, 362, 1)
(72457, 363, 1)
(72540, 363, 1)
(72666, 364, 1)
(72704, 364, 1)
(72711, 364, 1)
(72773, 364, 1)
(72846, 365, 1)
(72906, 365, 1)
(72932, 365, 1)
(72947, 365, 1)
(72949, 365, 1)
(81002, 406, 1)
(81122, 406, 1)
(81159, 406, 1)
(81171, 406, 1)
(81154, 406, 1)
(81223, 407, 1)
(81417, 408, 1)
(81594, 408, 1)
(77619, 389, 1)
(77636, 389, 1)
(77734, 389, 1)
(77768, 389, 1)
(77942, 390, 1)
(77948, 390, 1)
(109044, 546, 1)
(109092, 546, 1)
(109146, 547, 1)
(109246, 547, 1)
(109435, 548, 1)
(109455, 548, 1)
(109445, 548, 1)
(109477, 548, 1)
(109484, 548, 1)
(109499, 548, 1)
(109542, 549, 1)
(109539, 549, 1)
(109597, 549, 1)
(109633, 549, 1)
(109715, 549, 1)
(109815, 550, 1)
(109862, 550, 1)
(109877, 550, 1)
(111959, 561, 1)
(112027, 561, 1)
(112161, 562, 1)
(112251, 562, 1)
(82644, 414, 1)
(82669, 414, 1)
(82758, 414, 1)
(95961, 481, 1)
(96075, 481, 1)
(96146, 482, 1)
(96142, 482, 1)
(96164, 482, 1)
(96373, 483, 1)
(96384, 483, 1)
(96463, 483, 1)
(96513, 483, 1)
(96756, 485, 1)
(96802, 485, 1)
(96832, 485, 1)
(117097, 586, 1)
(117157, 587, 1)
(117223, 587, 1)
(117225, 587, 1)
(117276, 587, 1)
(117318, 587, 1)
(95526, 479, 1)
(95560, 479, 1)
(95704, 479, 1)
(95733, 480, 1)
(115971, 581, 1)
(115998, 581, 1)
(116019, 581, 1)
(116068, 581, 1)
(116129, 582, 1)
(116126, 582, 1)
(116150, 582, 1)
(116167, 582, 1)
(116175, 582, 1)
(116251, 582, 1)
(116374, 583, 1)
(116381, 583, 1)
(116444, 583, 1)
(116480, 583, 1)
(116659, 584, 1)
(116737, 585, 1)
(116768, 585, 1)
(116780, 585, 1)
(116804, 585, 1)
(116823, 585, 1)
(116852, 585, 1)
(116902, 585, 1)
(139948, 701, 1)
(140245, 702, 1)
(140240, 702, 1)
(140246, 702, 1)
(104208, 522, 1)
(104210, 522, 1)
(104268, 522, 1)
(104338, 523, 1)
(104614, 524, 1)
(104709, 524, 1)
(104721, 525, 1)
(104727, 525, 1)
(104845, 525, 1)
(104911, 525, 1)
(136035, 681, 1)
(136101, 681, 1)
(136234, 682, 1)
(136343, 683, 1)
(136347, 683, 1)
(136381, 683, 1)
(136418, 683, 1)
(136437, 683, 1)
(136552, 684, 1)
(136665, 684, 1)
(136722, 685, 1)
(136727, 685, 1)
(136800, 685, 1)
(140414, 703, 1)
(140444, 703, 1)
(140452, 703, 1)
(140503, 703, 1)
(140550, 704, 1)
(140739, 705, 1)
(140766, 705, 1)
(145926, 731, 1)
(145947, 731, 1)
(146129, 732, 1)
(146200, 732, 1)
(146275, 732, 1)
(146370, 733, 1)
(146381, 733, 1)
(146477, 733, 1)
(146645, 734, 1)
(146720, 735, 1)
(146730, 735, 1)
(146766, 735, 1)
(146782, 735, 1)
(175975, 881, 1)
(176055, 881, 1)
(19035, 96, 1)
(19086, 96, 1)
(19121, 96, 1)
(19183, 96, 1)
(19234, 97, 1)
(19269, 97, 1)
(19370, 97, 1)
(19385, 97, 1)
(19442, 98, 1)
(19445, 98, 1)
(19691, 99, 1)
(19726, 99, 1)
(19747, 99, 1)
(19784, 99, 1)
(19848, 100, 1)
(19835, 100, 1)
(19864, 100, 1)
(21043, 106, 1)
(21069, 106, 1)
(21144, 106, 1)
(21150, 106, 1)
(21153, 106, 1)
(21171, 106, 1)
(21201, 107, 1)
(21207, 107, 1)
(21235, 107, 1)
(21249, 107, 1)
(21262, 107, 1)
(21263, 107, 1)
(21378, 107, 1)
(21355, 107, 1)
(21417, 108, 1)
(21489, 108, 1)
(21494, 108, 1)
(21520, 108, 1)
(21594, 108, 1)
(21756, 109, 1)
(30029, 151, 1)
(30276, 152, 1)
(30375, 152, 1)
(30398, 152, 1)
(30429, 153, 1)
(30422, 153, 1)
(30531, 153, 1)
(30526, 153, 1)
(30555, 153, 1)
(30816, 155, 1)
(30884, 155, 1)
(30993, 155, 1)
(52013, 261, 1)
(52148, 261, 1)
(52143, 261, 1)
(52199, 261, 1)
(52201, 262, 1)
(52226, 262, 1)
(52257, 262, 1)
(52397, 262, 1)
(52399, 262, 1)
(52422, 263, 1)
(52477, 263, 1)
(52643, 264, 1)
(52647, 264, 1)
(52678, 264, 1)
(42846, 215, 1)
(42896, 215, 1)
(42907, 215, 1)
(54033, 271, 1)
(54137, 271, 1)
(54211, 272, 1)
(54242, 272, 1)
(54342, 272, 1)
(54439, 273, 1)
(54436, 273, 1)
(54493, 273, 1)
(54724, 274, 1)
(54729, 274, 1)
(54711, 274, 1)
(54793, 274, 1)
(54946, 275, 1)
(107089, 536, 1)
(107137, 537, 1)
(107190, 537, 1)
(107197, 537, 1)
(107201, 537, 1)
(107198, 537, 1)
(107308, 537, 1)
(107341, 538, 1)
(107496, 538, 1)
(45606, 229, 1)
(45856, 230, 1)
(45965, 230, 1)
(45980, 230, 1)
(53125, 266, 1)
(53168, 266, 1)
(53221, 267, 1)
(53347, 267, 1)
(53384, 267, 1)
(53418, 268, 1)
(53426, 268, 1)
(53538, 268, 1)
(53572, 268, 1)
(53716, 269, 1)
(53681, 269, 1)
(53784, 269, 1)
(53798, 269, 1)
(53797, 269, 1)
(53921, 270, 1)
(53972, 270, 1)
(53995, 270, 1)
(114999, 576, 1)
(115026, 576, 1)
(115021, 576, 1)
(115105, 576, 1)
(115143, 577, 1)
(115154, 577, 1)
(115163, 577, 1)
(115198, 577, 1)
(115255, 577, 1)
(115289, 577, 1)
(57870, 290, 1)
(69026, 346, 1)
(69061, 346, 1)
(69112, 346, 1)
(69088, 346, 1)
(69210, 347, 1)
(69206, 347, 1)
(69398, 347, 1)
(69452, 348, 1)
(69471, 348, 1)
(69524, 348, 1)
(69552, 348, 1)
(69573, 348, 1)
(69591, 348, 1)
(69615, 349, 1)
(69674, 349, 1)
(69692, 349, 1)
(69716, 349, 1)
(69734, 349, 1)
(69802, 350, 1)
(69834, 350, 1)
(69880, 350, 1)
(69888, 350, 1)
(69967, 350, 1)
(112994, 566, 1)
(113016, 566, 1)
(113036, 566, 1)
(113055, 566, 1)
(113066, 566, 1)
(113089, 566, 1)
(113167, 567, 1)
(113344, 568, 1)
(113389, 568, 1)
(113395, 568, 1)
(113385, 568, 1)
(113468, 568, 1)
(68879, 345, 1)
(68920, 345, 1)
(102933, 516, 1)
(102934, 516, 1)
(102986, 516, 1)
(103000, 516, 1)
(103073, 516, 1)
(103151, 517, 1)
(103180, 517, 1)
(103347, 518, 1)
(103371, 518, 1)
(103409, 518, 1)
(103493, 518, 1)
(103543, 519, 1)
(103573, 519, 1)
(103601, 519, 1)
(103624, 519, 1)
(103750, 520, 1)
(123958, 621, 1)
(123969, 621, 1)
(123991, 621, 1)
(124117, 621, 1)
(124174, 622, 1)
(124226, 622, 1)
(124271, 622, 1)
(124275, 622, 1)
(124321, 623, 1)
(124393, 623, 1)
(124421, 623, 1)
(124435, 623, 1)
(76643, 384, 1)
(76727, 384, 1)
(76734, 384, 1)
(76796, 384, 1)
(76875, 385, 1)
(76882, 385, 1)
(76892, 385, 1)
(76902, 385, 1)
(76965, 385, 1)
(76972, 385, 1)
(98069, 491, 1)
(98130, 492, 1)
(98140, 492, 1)
(98285, 492, 1)
(98324, 493, 1)
(98580, 494, 1)
(98599, 494, 1)
(98779, 495, 1)
(98824, 495, 1)
(113980, 571, 1)
(114036, 571, 1)
(114210, 572, 1)
(114258, 572, 1)
(114268, 572, 1)
(83644, 419, 1)
(83691, 419, 1)
(83721, 419, 1)
(83738, 419, 1)
(83737, 419, 1)
(83900, 420, 1)
(83947, 420, 1)
(83951, 420, 1)
(83949, 420, 1)
(87020, 436, 1)
(87057, 436, 1)
(87090, 436, 1)
(87231, 437, 1)
(87234, 437, 1)
(87326, 437, 1)
(87319, 437, 1)
(87347, 437, 1)
(87382, 437, 1)
(87412, 438, 1)
(87425, 438, 1)
(87488, 438, 1)
(87501, 438, 1)
(87592, 438, 1)
(87602, 439, 1)
(87648, 439, 1)
(87709, 439, 1)
(87677, 439, 1)
(87824, 440, 1)
(87876, 440, 1)
(110985, 556, 1)
(110994, 556, 1)
(111030, 556, 1)
(111135, 557, 1)
(111173, 557, 1)
(111315, 557, 1)
(113524, 569, 1)
(113564, 569, 1)
(113574, 569, 1)
(113573, 569, 1)
(113664, 569, 1)
(113668, 569, 1)
(113770, 570, 1)
(113798, 570, 1)
(121972, 611, 1)
(122025, 611, 1)
(122028, 611, 1)
(122055, 611, 1)
(122132, 612, 1)
(122147, 612, 1)
(122176, 612, 1)
(122271, 612, 1)
(122279, 612, 1)
(122305, 612, 1)
(122350, 613, 1)
(122393, 613, 1)
(122449, 613, 1)
(122509, 613, 1)
(122624, 614, 1)
(122629, 614, 1)
(122667, 614, 1)
(122687, 614, 1)
(122627, 614, 1)
(122729, 615, 1)
(122795, 615, 1)
(122907, 615, 1)
(122899, 615, 1)
(142008, 711, 1)
(142112, 711, 1)
(142125, 712, 1)
(142290, 712, 1)
(142298, 712, 1)
(131356, 658, 1)
(131448, 658, 1)
(131545, 659, 1)
(131653, 659, 1)
(131770, 660, 1)
(131771, 660, 1)
(131847, 660, 1)
(178999, 896, 1)
(179082, 896, 1)
(179098, 896, 1)
(179535, 899, 1)
(179529, 899, 1)
(179553, 899, 1)
(179577, 899, 1)
(179635, 899, 1)
(179802, 900, 1)
(179782, 900, 1)
(179877, 900, 1)
(183508, 919, 1)
(183536, 919, 1)
(183542, 919, 1)
(183554, 919, 1)
(183601, 919, 1)
(148332, 743, 1)
(148358, 743, 1)
(148391, 743, 1)
(148438, 743, 1)
(148485, 743, 1)
(148553, 744, 1)
(148602, 744, 1)
(148626, 744, 1)
(148628, 744, 1)
(148639, 744, 1)
(148685, 744, 1)
(148757, 745, 1)
(148865, 745, 1)
(187468, 939, 1)
(187566, 939, 1)
(187855, 941, 1)
(187859, 941, 1)
(187866, 941, 1)
(187904, 941, 1)
(187973, 941, 1)
(188125, 942, 1)
(188202, 942, 1)
(188229, 942, 1)
(188230, 942, 1)
(188368, 943, 1)
(188375, 943, 1)
(188413, 943, 1)
(197444, 989, 1)
(197454, 989, 1)
(197481, 989, 1)
(197482, 989, 1)
(197591, 989, 1)
(197623, 989, 1)
(153210, 767, 1)
(153230, 767, 1)
(153372, 768, 1)
(153489, 768, 1)
(153699, 769, 1)
(153753, 770, 1)
(155920, 781, 1)
(155999, 781, 1)
(156023, 781, 1)
(156021, 781, 1)
(156045, 781, 1)
(156105, 781, 1)
(156117, 781, 1)
(156194, 782, 1)
(156267, 782, 1)
(156264, 782, 1)
(156415, 783, 1)
(156468, 783, 1)
(156648, 784, 1)
(156722, 785, 1)
(156738, 785, 1)
(156741, 785, 1)
(156769, 785, 1)
(156799, 785, 1)
(158384, 793, 1)
(158402, 793, 1)
(158617, 794, 1)
(158649, 794, 1)
(158748, 795, 1)
(158780, 795, 1)
(158847, 795, 1)
(158868, 795, 1)
(159940, 801, 1)
(160105, 801, 1)
(160132, 802, 1)
(160188, 802, 1)
(160375, 803, 1)
(160378, 803, 1)
(160429, 803, 1)
(160456, 803, 1)
(160452, 803, 1)
(160471, 803, 1)
(160534, 804, 1)
(160526, 804, 1)
(160571, 804, 1)
(160682, 804, 1)
(160728, 805, 1)
(160752, 805, 1)
(160816, 805, 1)
(164982, 826, 1)
(164992, 826, 1)
(165050, 826, 1)
(20045, 101, 1)
(20063, 101, 1)
(20073, 101, 1)
(20120, 101, 1)
(20186, 101, 1)
(20306, 102, 1)
(20350, 102, 1)
(20413, 103, 1)
(20489, 103, 1)
(20558, 103, 1)
(20598, 103, 1)
(20573, 103, 1)
(20602, 104, 1)
(20606, 104, 1)
(20718, 104, 1)
(20742, 104, 1)
(20884, 105, 1)
(20914, 105, 1)
(33030, 166, 1)
(33088, 166, 1)
(33125, 166, 1)
(33241, 167, 1)
(33309, 167, 1)
(33333, 167, 1)
(33615, 169, 1)
(33753, 169, 1)
(33740, 169, 1)
(33748, 169, 1)
(33791, 169, 1)
(28003, 141, 1)
(28031, 141, 1)
(28019, 141, 1)
(28105, 141, 1)
(28115, 141, 1)
(28459, 143, 1)
(28517, 143, 1)
(28476, 143, 1)
(28568, 143, 1)
(28667, 144, 1)
(28710, 144, 1)
(28765, 144, 1)
(28785, 144, 1)
(28813, 145, 1)
(28823, 145, 1)
(28817, 145, 1)
(28835, 145, 1)
(28875, 145, 1)
(28930, 145, 1)
(28975, 145, 1)
(59073, 296, 1)
(59142, 296, 1)
(59324, 297, 1)
(59378, 297, 1)
(59454, 298, 1)
(59644, 299, 1)
(59733, 299, 1)
(59734, 299, 1)
(44876, 225, 1)
(44938, 225, 1)
(86029, 431, 1)
(86140, 431, 1)
(86150, 431, 1)
(86192, 431, 1)
(86276, 432, 1)
(86305, 432, 1)
(86406, 433, 1)
(86452, 433, 1)
(86449, 433, 1)
(86484, 433, 1)
(86618, 434, 1)
(86707, 434, 1)
(86799, 434, 1)
(86818, 435, 1)
(86850, 435, 1)
(86895, 435, 1)
(86971, 435, 1)
(86981, 435, 1)
(120963, 606, 1)
(121047, 606, 1)
(121133, 607, 1)
(121184, 607, 1)
(121220, 607, 1)
(121272, 607, 1)
(121414, 608, 1)
(121439, 608, 1)
(121479, 608, 1)
(121509, 608, 1)
(65025, 326, 1)
(65095, 326, 1)
(65124, 326, 1)
(65163, 326, 1)
(65168, 326, 1)
(65288, 327, 1)
(65332, 327, 1)
(65354, 327, 1)
(65597, 328, 1)
(65609, 329, 1)
(65701, 329, 1)
(65757, 329, 1)
(65846, 330, 1)
(65875, 330, 1)
(104961, 526, 1)
(104972, 526, 1)
(105000, 526, 1)
(105021, 526, 1)
(105069, 526, 1)
(105090, 526, 1)
(105080, 526, 1)
(105129, 527, 1)
(105190, 527, 1)
(105235, 527, 1)
(105245, 527, 1)
(105295, 527, 1)
(105369, 528, 1)
(105382, 528, 1)
(105515, 528, 1)
(105592, 529, 1)
(105635, 529, 1)
(105680, 529, 1)
(105607, 529, 1)
(71054, 356, 1)
(71058, 356, 1)
(71045, 356, 1)
(71142, 356, 1)
(71180, 356, 1)
(71211, 357, 1)
(71252, 357, 1)
(71448, 358, 1)
(71460, 358, 1)
(71499, 358, 1)
(71632, 359, 1)
(71844, 360, 1)
(74021, 371, 1)
(74032, 371, 1)
(74289, 372, 1)
(74549, 373, 1)
(74882, 375, 1)
(74898, 375, 1)
(74942, 375, 1)
(74959, 375, 1)
(78050, 391, 1)
(78160, 391, 1)
(78227, 392, 1)
(78286, 392, 1)
(78296, 392, 1)
(78343, 392, 1)
(78380, 392, 1)
(78390, 392, 1)
(78435, 393, 1)
(78489, 393, 1)
(78492, 393, 1)
(78530, 393, 1)
(78577, 393, 1)
(78650, 394, 1)
(78700, 394, 1)
(78820, 395, 1)
(90959, 456, 1)
(91025, 456, 1)
(91066, 456, 1)
(91218, 457, 1)
(91230, 457, 1)
(91322, 458, 1)
(91402, 458, 1)
(91398, 458, 1)
(91455, 458, 1)
(91517, 458, 1)
(105728, 530, 1)
(105734, 530, 1)
(105862, 530, 1)
(105886, 530, 1)
(105901, 530, 1)
(149054, 746, 1)
(149127, 747, 1)
(149151, 747, 1)
(149197, 747, 1)
(149170, 747, 1)
(149310, 747, 1)
(149350, 748, 1)
(149367, 748, 1)
(149396, 748, 1)
(149517, 748, 1)
(149567, 749, 1)
(149677, 749, 1)
(149883, 750, 1)
(149897, 750, 1)
(198461, 994, 1)
(198474, 994, 1)
(198560, 994, 1)
(198624, 994, 1)
(198638, 995, 1)
(198649, 995, 1)
(198732, 995, 1)
(198744, 995, 1)
(107816, 540, 1)
(107862, 540, 1)
(107887, 540, 1)
(107913, 540, 1)
(120093, 601, 1)
(120112, 601, 1)
(120151, 602, 1)
(120194, 602, 1)
(120202, 602, 1)
(120278, 602, 1)
(120297, 602, 1)
(120503, 603, 1)
(120574, 604, 1)
(120688, 604, 1)
(120761, 605, 1)
(120786, 605, 1)
(120794, 605, 1)
(150925, 756, 1)
(150968, 756, 1)
(150997, 756, 1)
(150989, 756, 1)
(151017, 756, 1)
(151005, 756, 1)
(151085, 756, 1)
(151109, 756, 1)
(151154, 757, 1)
(151160, 757, 1)
(151184, 757, 1)
(151243, 757, 1)
(151271, 757, 1)
(124631, 624, 1)
(124633, 624, 1)
(124652, 624, 1)
(124682, 624, 1)
(124715, 624, 1)
(124886, 625, 1)
(205456, 1029, 1)
(205510, 1029, 1)
(205531, 1029, 1)
(205569, 1029, 1)
(205583, 1029, 1)
(205588, 1029, 1)
(205659, 1030, 1)
(205648, 1030, 1)
(205781, 1030, 1)
(205801, 1030, 1)
(205870, 1031, 1)
(205928, 1031, 1)
(206029, 1031, 1)
(206033, 1031, 1)
(206043, 1032, 1)
(206065, 1032, 1)
(206135, 1032, 1)
(206134, 1032, 1)
(206202, 1032, 1)
(206204, 1032, 1)
(206260, 1033, 1)
(206285, 1033, 1)
(206328, 1033, 1)
(234506, 1174, 1)
(234600, 1174, 1)
(234638, 1175, 1)
(234722, 1175, 1)
(234798, 1175, 1)
(234796, 1175, 1)
(183738, 920, 1)
(183793, 920, 1)
(183867, 921, 1)
(183994, 921, 1)
(184010, 921, 1)
(184028, 921, 1)
(184060, 922, 1)
(184194, 922, 1)
(184299, 923, 1)
(184310, 923, 1)
(184350, 923, 1)
(215458, 1079, 1)
(215452, 1079, 1)
(215495, 1079, 1)
(215522, 1079, 1)
(215744, 1080, 1)
(215746, 1080, 1)
(215823, 1080, 1)
(215929, 1081, 1)
(216097, 1082, 1)
(216103, 1082, 1)
(216126, 1082, 1)
(216289, 1083, 1)
(216286, 1083, 1)
(216388, 1083, 1)
(197704, 990, 1)
(197763, 990, 1)
(197738, 990, 1)
(197870, 991, 1)
(198020, 991, 1)
(198026, 991, 1)
(198062, 992, 1)
(198210, 992, 1)
(198206, 992, 1)
(198224, 992, 1)
(198347, 993, 1)
(198383, 993, 1)
(199629, 999, 1)
(199638, 1000, 1)
(199646, 1000, 1)
(199683, 1000, 1)
(199695, 1000, 1)
(199965, 1001, 1)
(200238, 1003, 1)
(200241, 1003, 1)
(200267, 1003, 1)
(200298, 1003, 1)
(200353, 1003, 1)
(200422, 1003, 1)
(200388, 1003, 1)
(216507, 1084, 1)
(216563, 1084, 1)
(216710, 1085, 1)
(216743, 1085, 1)
(216749, 1085, 1)
(216768, 1085, 1)
(216800, 1085, 1)
(216830, 1085, 1)
(216845, 1086, 1)
(216837, 1086, 1)
(216931, 1086, 1)
(217208, 1087, 1)
(217245, 1088, 1)
(217280, 1088, 1)
(217345, 1088, 1)
(217377, 1088, 1)
(222445, 1114, 1)
(222481, 1114, 1)
(222529, 1114, 1)
(222535, 1114, 1)
(222561, 1114, 1)
(222638, 1115, 1)
(222727, 1115, 1)
(222786, 1115, 1)
(222805, 1115, 1)
(222850, 1116, 1)
(222860, 1116, 1)
(223006, 1116, 1)
(223066, 1117, 1)
(223106, 1117, 1)
(31829, 160, 1)
(31862, 160, 1)
(31995, 160, 1)
(67039, 336, 1)
(67101, 336, 1)
(67102, 336, 1)
(67154, 336, 1)
(67375, 337, 1)
(67471, 338, 1)
(67534, 338, 1)
(67542, 338, 1)
(67721, 339, 1)
(67758, 339, 1)
(67796, 339, 1)
(67889, 340, 1)
(67936, 340, 1)
(67940, 340, 1)
(79099, 396, 1)
(79236, 397, 1)
(79448, 398, 1)
(79527, 398, 1)
(41112, 206, 1)
(41226, 207, 1)
(41378, 207, 1)
(41427, 208, 1)
(41434, 208, 1)
(41623, 209, 1)
(41660, 209, 1)
(41667, 209, 1)
(41680, 209, 1)
(41823, 210, 1)
(41893, 210, 1)
(41947, 210, 1)
(41968, 210, 1)
(44009, 221, 1)
(44012, 221, 1)
(44058, 221, 1)
(44070, 221, 1)
(44120, 221, 1)
(44129, 221, 1)
(44207, 222, 1)
(44256, 222, 1)
(44270, 222, 1)
(44331, 222, 1)
(44426, 223, 1)
(44537, 223, 1)
(44659, 224, 1)
(44666, 224, 1)
(44689, 224, 1)
(44752, 224, 1)
(44774, 224, 1)
(44777, 224, 1)
(52816, 265, 1)
(52814, 265, 1)
(52888, 265, 1)
(52992, 265, 1)
(64002, 321, 1)
(64136, 321, 1)
(64150, 321, 1)
(64209, 322, 1)
(64212, 322, 1)
(64232, 322, 1)
(64220, 322, 1)
(64259, 322, 1)
(64290, 322, 1)
(64297, 322, 1)
(64382, 322, 1)
(64368, 322, 1)
(64443, 323, 1)
(64508, 323, 1)
(64522, 323, 1)
(64555, 323, 1)
(64599, 323, 1)
(64605, 324, 1)
(64622, 324, 1)
(64665, 324, 1)
(64685, 324, 1)
(64713, 324, 1)
(64828, 325, 1)
(64869, 325, 1)
(64931, 325, 1)
(64957, 325, 1)
(77096, 386, 1)
(77297, 387, 1)
(77389, 387, 1)
(77404, 388, 1)
(77546, 388, 1)
(77568, 388, 1)
(63008, 316, 1)
(63051, 316, 1)
(63242, 317, 1)
(63306, 317, 1)
(63330, 317, 1)
(63388, 317, 1)
(63500, 318, 1)
(63578, 318, 1)
(63632, 319, 1)
(63652, 319, 1)
(63695, 319, 1)
(63771, 319, 1)
(63819, 320, 1)
(63986, 320, 1)
(63920, 320, 1)
(68010, 341, 1)
(68022, 341, 1)
(68149, 341, 1)
(68185, 341, 1)
(68192, 341, 1)
(68216, 342, 1)
(68273, 342, 1)
(68274, 342, 1)
(68310, 342, 1)
(68364, 342, 1)
(68450, 343, 1)
(68540, 343, 1)
(68653, 344, 1)
(68695, 344, 1)
(68757, 344, 1)
(68769, 344, 1)
(68790, 344, 1)
(85887, 430, 1)
(85955, 430, 1)
(88043, 441, 1)
(88062, 441, 1)
(88094, 441, 1)
(88427, 443, 1)
(88556, 443, 1)
(88590, 443, 1)
(88767, 444, 1)
(94000, 471, 1)
(93968, 471, 1)
(94090, 471, 1)
(94209, 472, 1)
(94316, 472, 1)
(94320, 473, 1)
(94480, 473, 1)
(106609, 534, 1)
(106618, 534, 1)
(106673, 534, 1)
(106729, 535, 1)
(106768, 535, 1)
(106801, 535, 1)
(106837, 535, 1)
(106841, 535, 1)
(106878, 535, 1)
(106856, 535, 1)
(207447, 1039, 1)
(207491, 1039, 1)
(207519, 1039, 1)
(207512, 1039, 1)
(207570, 1039, 1)
(207631, 1039, 1)
(207681, 1040, 1)
(207711, 1040, 1)
(207726, 1040, 1)
(207808, 1040, 1)
(207816, 1040, 1)
(207842, 1041, 1)
(207975, 1041, 1)
(207976, 1041, 1)
(207996, 1041, 1)
(208039, 1042, 1)
(208095, 1042, 1)
(208136, 1042, 1)
(208313, 1043, 1)
(208391, 1043, 1)
(221497, 1109, 1)
(221545, 1109, 1)
(221651, 1110, 1)
(221644, 1110, 1)
(221680, 1110, 1)
(221743, 1110, 1)
(221741, 1110, 1)
(221805, 1110, 1)
(221798, 1110, 1)
(107958, 541, 1)
(108028, 541, 1)
(108047, 541, 1)
(108065, 541, 1)
(108057, 541, 1)
(108147, 542, 1)
(108199, 542, 1)
(108314, 542, 1)
(108339, 543, 1)
(108479, 543, 1)
(108712, 544, 1)
(108732, 545, 1)
(108793, 545, 1)
(108830, 545, 1)
(186522, 934, 1)
(186642, 935, 1)
(186649, 935, 1)
(186737, 935, 1)
(186796, 935, 1)
(186899, 936, 1)
(186962, 936, 1)
(187091, 937, 1)
(187120, 937, 1)
(187179, 937, 1)
(187222, 937, 1)
(187235, 937, 1)
(112333, 563, 1)
(112366, 563, 1)
(112363, 563, 1)
(112456, 563, 1)
(112495, 563, 1)
(112568, 564, 1)
(112633, 564, 1)
(112704, 564, 1)
(112707, 564, 1)
(112734, 565, 1)
(112870, 565, 1)
(129926, 651, 1)
(130036, 651, 1)
(130163, 652, 1)
(130173, 652, 1)
(130219, 652, 1)
(130285, 652, 1)
(130398, 653, 1)
(130534, 654, 1)
(130613, 654, 1)
(130779, 655, 1)
(130822, 655, 1)
(143052, 716, 1)
(143082, 716, 1)
(147339, 738, 1)
(147335, 738, 1)
(147380, 738, 1)
(147420, 738, 1)
(147583, 739, 1)
(147627, 739, 1)
(147726, 740, 1)
(147801, 740, 1)
(147786, 740, 1)
(147846, 740, 1)
(147900, 740, 1)
(147917, 740, 1)
(178003, 891, 1)
(178025, 891, 1)
(178047, 891, 1)
(178233, 892, 1)
(178215, 892, 1)
(178329, 893, 1)
(178333, 893, 1)
(178337, 893, 1)
(178667, 894, 1)
(178703, 894, 1)
(178759, 895, 1)
(178766, 895, 1)
(206544, 1034, 1)
(206611, 1034, 1)
(206603, 1034, 1)
(151348, 758, 1)
(151425, 758, 1)
(151426, 758, 1)
(151514, 758, 1)
(151525, 759, 1)
(151532, 759, 1)
(151693, 759, 1)
(151773, 760, 1)
(151758, 760, 1)
(164308, 822, 1)
(164409, 823, 1)
(164448, 823, 1)
(164462, 823, 1)
(164461, 823, 1)
(164432, 823, 1)
(164611, 824, 1)
(164755, 825, 1)
(164870, 825, 1)
(172971, 866, 1)
(173068, 866, 1)
(182269, 913, 1)
(189451, 949, 1)
(189510, 949, 1)
(189540, 949, 1)
(189570, 949, 1)
(189561, 949, 1)
(189660, 950, 1)
(189693, 950, 1)
(189704, 950, 1)
(189792, 950, 1)
(189783, 950, 1)
(189886, 951, 1)
(190026, 951, 1)
(190052, 952, 1)
(190198, 952, 1)
(190199, 952, 1)
(190223, 952, 1)
(190251, 953, 1)
(190326, 953, 1)
(190413, 953, 1)
(190417, 953, 1)
(208599, 1044, 1)
(208624, 1044, 1)
(208696, 1045, 1)
(208792, 1045, 1)
(208850, 1046, 1)
(208955, 1046, 1)
(183071, 917, 1)
(183318, 918, 1)
(183332, 918, 1)
(183423, 918, 1)
(183430, 918, 1)
(219552, 1099, 1)
(219548, 1099, 1)
(219622, 1099, 1)
(219657, 1100, 1)
(219740, 1100, 1)
(219814, 1100, 1)
(219838, 1101, 1)
(219898, 1101, 1)
(219895, 1101, 1)
(220002, 1101, 1)
(220010, 1101, 1)
(220050, 1102, 1)
(220066, 1102, 1)
(220130, 1102, 1)
(220299, 1103, 1)
(220369, 1103, 1)
(220415, 1103, 1)
(232476, 1164, 1)
(232511, 1164, 1)
(232645, 1165, 1)
(232639, 1165, 1)
(232699, 1165, 1)
(232784, 1165, 1)
(223346, 1118, 1)
(223410, 1118, 1)
(223418, 1118, 1)
(223452, 1119, 1)
(223547, 1119, 1)
(223555, 1119, 1)
(223568, 1119, 1)
(223633, 1119, 1)
(223639, 1120, 1)
(223993, 1121, 1)
(224013, 1121, 1)
(224050, 1122, 1)
(224176, 1122, 1)
(224190, 1122, 1)
(224198, 1122, 1)
(224233, 1122, 1)
(224262, 1123, 1)
(224308, 1123, 1)
(224396, 1123, 1)
(226449, 1134, 1)
(226516, 1134, 1)
(226524, 1134, 1)
(226567, 1134, 1)
(226580, 1134, 1)
(226615, 1134, 1)
(226627, 1134, 1)
(226714, 1135, 1)
(226693, 1135, 1)
(226752, 1135, 1)
(226801, 1135, 1)
(226825, 1135, 1)
(226863, 1136, 1)
(226853, 1136, 1)
(39133, 196, 1)
(39227, 197, 1)
(39261, 197, 1)
(39351, 197, 1)
(39448, 198, 1)
(39621, 199, 1)
(39674, 199, 1)
(39686, 199, 1)
(39694, 199, 1)
(39824, 200, 1)
(39827, 200, 1)
(39974, 200, 1)
(39925, 200, 1)
(39983, 200, 1)
(57210, 287, 1)
(57475, 288, 1)
(57430, 288, 1)
(57555, 288, 1)
(57553, 288, 1)
(57583, 288, 1)
(57600, 288, 1)
(57789, 289, 1)
(43835, 220, 1)
(43886, 220, 1)
(43941, 220, 1)
(43964, 220, 1)
(55036, 276, 1)
(55026, 276, 1)
(55273, 277, 1)
(55272, 277, 1)
(55630, 279, 1)
(55729, 279, 1)
(55753, 279, 1)
(55787, 279, 1)
(55843, 280, 1)
(55939, 280, 1)
(55953, 280, 1)
(55958, 280, 1)
(101041, 506, 1)
(101095, 506, 1)
(101126, 507, 1)
(101148, 507, 1)
(101296, 507, 1)
(101347, 508, 1)
(101406, 508, 1)
(101475, 508, 1)
(101521, 509, 1)
(101527, 509, 1)
(101528, 509, 1)
(101688, 509, 1)
(101725, 510, 1)
(101791, 510, 1)
(101806, 510, 1)
(101838, 510, 1)
(101845, 510, 1)
(136958, 686, 1)
(137135, 687, 1)
(137288, 687, 1)
(137371, 688, 1)
(146997, 736, 1)
(147009, 736, 1)
(147182, 737, 1)
(165223, 827, 1)
(165305, 827, 1)
(165320, 828, 1)
(165324, 828, 1)
(165411, 828, 1)
(165452, 828, 1)
(165529, 829, 1)
(165698, 829, 1)
(165740, 830, 1)
(165755, 830, 1)
(165775, 830, 1)
(165787, 830, 1)
(165847, 830, 1)
(179973, 901, 1)
(180064, 901, 1)
(180135, 902, 1)
(180162, 902, 1)
(180226, 902, 1)
(180339, 903, 1)
(180379, 903, 1)
(180396, 903, 1)
(180455, 903, 1)
(180498, 903, 1)
(180508, 903, 1)
(180557, 904, 1)
(180678, 904, 1)
(180724, 905, 1)
(180751, 905, 1)
(180907, 905, 1)
(211044, 1057, 1)
(211065, 1057, 1)
(211159, 1057, 1)
(211172, 1057, 1)
(211253, 1058, 1)
(211273, 1058, 1)
(211361, 1058, 1)
(224598, 1124, 1)
(224633, 1124, 1)
(224650, 1125, 1)
(224864, 1126, 1)
(224871, 1126, 1)
(224918, 1126, 1)
(224944, 1126, 1)
(225133, 1127, 1)
(225206, 1127, 1)
(225241, 1128, 1)
(225244, 1128, 1)
(225286, 1128, 1)
(225411, 1128, 1)
(233440, 1169, 1)
(233504, 1169, 1)
(233510, 1169, 1)
(233658, 1170, 1)
(233674, 1170, 1)
(233680, 1170, 1)
(233713, 1170, 1)
(233727, 1170, 1)
(233748, 1170, 1)
(233745, 1170, 1)
(220933, 1106, 1)
(221116, 1107, 1)
(221149, 1107, 1)
(221140, 1107, 1)
(221151, 1107, 1)
(221176, 1107, 1)
(221193, 1107, 1)
(236438, 1184, 1)
(236615, 1184, 1)
(236588, 1184, 1)
(236653, 1185, 1)
(236668, 1185, 1)
(236765, 1185, 1)
(236803, 1185, 1)
(236809, 1185, 1)
(236829, 1185, 1)
(236900, 1186, 1)
(236975, 1186, 1)
(236997, 1186, 1)
(237034, 1186, 1)
(237073, 1187, 1)
(237262, 1188, 1)
(237250, 1188, 1)
(237295, 1188, 1)
(237306, 1188, 1)
(237302, 1188, 1)
(237338, 1188, 1)
(237405, 1188, 1)
(238505, 1194, 1)
(238516, 1194, 1)
(238590, 1194, 1)
(238606, 1194, 1)
(122924, 616, 1)
(122967, 616, 1)
(123038, 616, 1)
(123101, 616, 1)
(123142, 617, 1)
(123309, 617, 1)
(123361, 618, 1)
(123409, 618, 1)
(123802, 620, 1)
(123848, 620, 1)
(123885, 620, 1)
