15
36
163
227
346
390
418
453
464
484
603
611
617
653
646
681
694
736
756
797
816
854
943
976
4903
4937
4986
5110
5161
5200
5234
5237
5265
5279
5332
5367
5368
5534
5659
5762
5812
60602
60587
60657
60732
60784
60782
60875
60911
60950
60996
61006
61113
61181
61231
61308
61320
61326
64357
64425
64463
64583
64666
64671
64741
64748
64762
64792
64885
64893
64907
64967
64997
64976
65015
65008
65026
65055
65071
65075
65077
65087
65129
65141
65192
65251
78516
78521
78681
78687
78731
78818
78923
78961
79060
79146
79223
79322
79343
79508
79549
79534
79592
79626
79749
79785
79858
79903
79970
92574
92569
92655
92706
92792
92790
92804
92823
92818
92842
92850
92884
92926
92991
93003
93120
93197
93164
93212
93341
93357
93392
93406
93439
97530
97540
97577
97570
97613
97657
97708
98000
98080
98090
98111
98145
98164
98189
98284
98336
104402
104460
104476
104494
104578
104586
104591
104649
104653
104667
104672
104703
104773
104845
104865
104914
105006
105012
105180
105243
111335
111365
111378
111364
111424
111425
111509
111525
111553
111630
111644
111663
111669
111687
111698
111771
111772
111795
111811
111876
111929
111983
112000
112002
112029
112037
112049
112048
112095
112612
112615
112647
112674
112718
112752
112863
112899
112932
112933
113140
113143
113135
113218
113434
113481
113508
113580
113589
113606
113620
113622
113660
113717
113750
113806
113994
139425
139495
139552
139589
139585
139670
139733
139732
139743
139775
139822
139829
139844
139859
139876
139919
139945
140014
140016
140102
140255
140322
140326
140359
140388
140387
140413
140542
140582
140682
230950
231034
231147
231185
231262
231342
231394
231404
231397
231486
231560
231685
231717
231795
231879
231926
231943
232044
232039
232153
232171
232258
232265
232324
232328
232349
232357
232384
232430
232433
232466
232468
232523
232541
3950
3966
3998
4105
4107
4163
4170
4205
4196
4251
4292
4366
4517
4524
4591
4627
4665
4708
4810
4866
4896
21613
21741
21832
21882
21854
21912
21992
22032
22092
22235
22219
22247
22322
22368
22408
22448
22432
22463
22456
22533
114303
114369
114383
114482
114515
114536
114651
114698
114702
114708
114733
114772
114868
114863
114881
115002
220116
220145
220136
220154
220258
220280
220287
220288
220345
220338
220383
220499
220596
220641
220675
220679
220681
220680
220714
220742
220814
220829
220855
220994
221034
116078
116121
116120
116204
116256
116286
116339
116408
116410
116489
116522
116589
116638
116676
116668
116681
116738
116741
116775
116836
116844
116875
116911
116923
116955
116979
116977
117185
117206
117264
117333
117353
117384
117420
117431
117452
117493
117629
117630
117687
117702
117901
121735
121765
121788
121988
121991
122045
122209
122233
122388
125702
125722
125836
125840
126000
126082
126095
126106
127696
127720
127770
127842
127992
128000
127997
128023
128165
128195
128222
128232
128283
128286
128323
128365
128399
128473
128532
129580
129582
129648
129695
129720
129726
129766
129810
129847
129855
129881
129931
130223
130288
130316
130301
130371
130492
130523
145255
145257
145331
145386
145409
145482
145525
145556
145771
145859
145970
146014
146046
146098
146101
146205
146292
146298
146301
146377
146375
146404
146424
146429
146432
146455
146485
146482
146506
146590
146642
146684
146691
146711
146741
146747
146769
146794
146814
146827
146823
146859
146873
146940
146956
147075
147083
147089
147143
147245
147258
147265
147286
147285
147301
147343
147344
147382
147436
147446
147460
147580
147586
147626
147616
147631
147660
147762
147769
147760
147852
147948
148015
148059
148089
149188
149284
149328
149387
149414
149418
149457
149486
149507
149581
149587
149592
149600
149769
149888
149960
150016
150069
240730
240894
240961
241085
241123
241125
241141
241209
241343
241397
611835
611931
612080
612178
612195
612441
612461
612488
612485
612481
9816
9813
9884
9927
9966
10014
10063
10109
10165
10189
10185
10270
10286
10332
10342
10418
10456
10484
10545
10609
10636
10751
10739
10764
11822
11841
11955
11978
12103
12225
12229
12245
12322
12391
12394
12422
12489
12491
12527
12529
12553
12597
12728
35587
35648
35656
35686
35805
35855
35908
52731
52817
52936
52970
53004
53059
53129
53246
53247
53275
53281
53340
53322
53379
53531
53533
53561
53602
42981
43060
43097
43224
43311
43329
43340
43392
43393
43422
43502
43496
43589
43690
43697
43702
43711
43802
43839
43854
154912
154960
154976
155057
155127
155167
155184
155262
155301
155325
155357
155494
155530
155576
155578
155622
155656
155666
155679
155693
155808
69232
69233
69253
69330
69370
69377
69453
69450
69449
69473
69542
69573
69651
69729
69776
69780
69770
69879
69913
69933
69950
69986
70098
70097
70137
72284
72310
72335
72337
72377
72403
72454
72499
72501
72634
72737
72731
72878
72896
72937
72963
73015
73037
245958
246053
246056
246086
246288
246311
246322
252275
252313
252341
252350
252383
252406
252489
252600
252679
252700
252720
252725
252766
252769
252821
252848
252873
252882
252937
252972
253192
253217
253234
343416
343393
343428
343530
343537
343593
343625
343694
343723
460660
460695
460707
460840
460930
460956
461208
461277
461326
461323
461424
461461
461477
461468
461521
461528
408663
408669
408816
408854
408888
409046
411070
411178
411195
411248
411340
411409
411454
411514
411532
411604
411615
411635
411647
411653
411689
411710
411745
411898
411939
411945
447118
447130
447174
447293
447400
447424
447460
447466
447542
447547
447563
447634
447656
447665
447762
447841
448039
448070
452009
452026
452024
452189
452422
452445
452480
452512
452539
452655
452663
452696
452711
452707
452731
44024
44113
44155
44193
44220
44221
44267
44382
44390
44399
44458
44515
44568
44616
44628
44693
44696
44741
44791
44862
44836
44849
172527
172566
172650
172652
172661
172692
172815
172875
172907
172949
50276
50319
50370
50439
50459
50484
50517
50565
50684
50727
50726
50754
57674
57692
57751
57769
57772
57872
57880
57889
57926
57958
58053
58134
58194
58232
58459
58482
58534
58565
58592
54694
54744
54737
54756
54765
54981
55031
55067
55071
55130
55135
55161
55169
55298
55342
55359
55438
55430
55461
55465
55478
55466
55496
55511
55543
55544
55539
55564
55648
55658
150983
151060
151103
151118
151128
151186
151229
151249
151274
151318
151332
151353
151371
151396
55672
55705
55734
55730
55830
55856
55846
55873
55916
55992
56026
56077
56147
56128
56243
56249
56295
56424
56431
56439
56585
56638
163702
163778
164107
164179
164185
164196
164206
164214
164251
164322
164392
164399
164407
164434
164437
164485
164487
164573
164638
170598
170630
170689
170699
170765
170848
170828
170906
170913
170997
171026
171099
171081
171151
171167
171306
171437
171479
174452
174532
174553
174623
174708
174869
174874
183591
183602
183742
183756
183761
183768
183833
183822
183903
183948
183983
183975
192911
192906
192904
192945
193018
193089
193158
193182
193252
193271
193278
193309
193296
193325
193354
193425
193432
193474
193504
193531
193550
193708
277553
277546
277703
277778
277828
277825
277900
277957
278005
278116
278166
278189
278334
278364
278447
278461
278478
278503
288355
288468
288496
288494
288541
288628
288631
288689
288731
288792
293285
293328
293357
293347
293431
293477
293489
293577
293572
293607
293625
293622
293672
293843
293932
293981
294033
294146
294175
297233
297264
297301
297388
297408
297407
297434
297460
297497
297561
297566
420850
420947
420985
421022
421046
421051
421167
421213
421226
421265
421329
421336
421395
421410
421541
421545
421566
421579
421629
421702
421797
96997
97112
97173
97182
97206
97252
97276
97396
101458
101442
101519
101535
101737
101736
101874
101912
101942
101977
102032
102038
102085
102230
102227
102243
105280
105307
105312
105356
105361
105378
105476
105475
105567
105727
105744
105710
105746
105764
105808
105861
105912
106019
106077
106084
106151
106252
106302
106335
106369
106388
106406
106572
106573
115078
115214
115227
115263
115322
115324
115360
115420
115473
115555
115636
115725
115766
115779
115878
116014
122733
122718
122755
122788
122843
122857
122864
122995
123004
123089
123150
123204
123294
123341
123400
123483
123532
123539
123550
123560
123655
123800
123815
123819
123927
124011
124175
124212
124240
124365
124422
124432
124421
124645
126646
126749
126774
126789
126882
126936
126979
126992
127059
127190
127205
127219
127236
127274
127327
127343
127407
127470
127501
127565
127590
131674
131669
131730
131736
131824
131924
131964
131991
132010
132089
132138
132151
132234
132226
132242
132270
132369
132391
150179
150264
150334
150511
150538
150545
150645
150700
150756
150812
150838
150843
150890
211351
211371
211394
211410
211426
211533
211559
211670
211704
211742
211754
211821
211844
211871
212036
212087
212235
212768
212806
212840
212856
212919
212920
213079
213143
213157
213177
213212
213223
215333
215341
215392
215432
215450
215463
215478
215513
215541
215589
215738
215746
215769
215799
215917
215931
215923
215984
215993
216022
216010
216118
216152
234362
234386
234404
234407
234377
234558
234601
234641
234689
235847
235947
235949
236018
236112
236163
236272
236289
236294
236359
236489
236514
236628
236631
236742
236749
237781
237794
237908
237918
237929
238017
238200
238225
238228
238234
238307
238360
238370
238374
238419
238462
238505
238586
238605
238617
238663
238668
238690
239718
239732
239719
239907
239927
239950
239979
240014
240127
240139
240198
120751
120799
120864
120926
120947
120971
120977
121069
121136
121214
121221
121260
121274
121321
121346
121370
121428
121451
121633
121719
124741
124787
124871
124899
124896
124918
124929
125075
125147
125249
125291
125311
125331
125347
125368
125443
125462
125577
125590
125629
125638
179442
179477
179505
179541
179674
179734
179748
179826
179969
179974
180085
180099
180144
180204
180291
180299
183144
183151
183173
183188
183214
183332
183350
183361
183393
183440
183503
217209
217254
217283
217425
217500
217544
217552
217608
217673
217722
217802
217937
218178
218207
218362
218422
218426
218448
218481
218511
218557
218631
218663
218747
218796
218816
218875
218912
219063
219048
219098
219094
325378
325490
325498
325586
325728
325782
325874
325908
325922
325929
325985
326017
326028
326133
326134
326155
326216
333062
333095
333131
333215
333297
333321
333370
333406
333445
333550
333668
333852
333860
333908
333948
335979
335996
336012
336055
336136
336159
336170
336255
336248
336297
336363
336418
336455
336556
336563
336629
336707
336721
336806
336860
336903
336907
344796
344810
344901
345026
345124
345164
345153
345185
345216
345232
336986
337006
337049
337034
337103
337157
337172
337278
337327
337380
337404
337421
337513
337566
337651
337706
337833
337989
337997
338027
338129
338135
338179
338173
338194
338289
338280
338302
338308
338393
338561
338692
338826
338832
440237
440288
440353
440340
440389
440499
440524
440552
440756
440825
440923
440964
440979
440968
440984
441037
441174
441185
446134
446193
446261
446293
446420
446504
446536
446560
446612
446703
446731
446818
446877
446956
446997
447022
527892
527934
528046
528158
528179
528206
528285
528440
528456
528453
528467
528484
528497
528544
528618
528835
528848
528885
528924
529043
529071
529102
529183
529215
529301
529352
529471
529577
529652
529660
529800
187511
187549
187555
187568
187560
187554
187611
187637
187677
187903
191955
191985
192083
192067
192114
192110
192129
192156
192242
192282
192327
192503
192541
192574
192622
192618
192640
192711
192699
192811
241986
242014
242051
242156
242204
242212
242222
242298
242308
242320
242383
242397
242438
247522
247567
247573
247635
247662
247668
247803
247889
247917
247925
247938
248025
248172
248217
248259
248255
248333
251304
251350
251370
251431
251489
251512
251606
251651
251707
251727
251726
251792
251840
251969
252008
252060
252115
252167
252184
252246
255222
255274
255287
255300
255368
255424
255490
255528
255644
255668
255693
255744
255747
255755
255787
255793
255837
256042
256157
256176
299690
299729
299733
299819
299881
299908
299930
299989
300043
300112
300128
300154
300181
300203
300275
300501
300552
300607
300660
300689
300696
300692
300758
300798
300821
300863
300958
483973
484015
484050
484153
484187
484376
484375
484459
484477
484484
484504
484551
484576
484562
484623
484720
484771
484891
484911
488859
488896
488952
488947
489015
489009
489064
489091
489222
489257
489274
489290
489405
489433
489505
489634
489696
496193
496210
496393
496392
496414
496523
496670
519050
519044
519071
519111
519145
519301
519288
519296
519461
519480
519536
519541
519615
519725
519768
519803
519912
500126
500125
500163
500178
500234
500249
500255
500304
500329
500338
500409
500482
500540
500591
504567
504639
504643
504714
504739
504777
504957
505048
505069
505089
505100
505113
505155
505429
505471
598020
598043
598077
598160
598157
598176
598222
598243
598383
598382
598441
598573
598721
598860
599023
599041
599053
599150
599153
599154
599157
599195
599262
599221
599254
599331
599358
599400
599414
599454
599524
599610
599622
599695
599783
599805
599816
599883
256740
256799
256879
256881
256899
256919
256953
256952
256968
256948
257045
257136
258332
258337
258349
258435
258454
258494
258518
258571
258621
258658
258685
258704
258754
258776
258828
258863
258977
259006
259002
259067
259072
259102
462577
462694
462839
462878
462947
463000
462995
463048
463139
463146
463205
463334
463332
463348
463408
463439
463414
463455
463514
479274
479321
479327
479354
479345
479383
479441
479465
479489
479627
479779
479791
479836
479856
479855
479973
480017
480047
480133
480150
480195
480181
565076
565080
565090
565207
565268
565338
565328
565358
565622
565634
565655
565662
565726
565769
567940
567983
568005
568151
568227
568587
568650
568704
568710
568727
568781
568807
309278
309294
309321
309369
309425
309433
309532
309582
309595
309685
315697
315710
315839
315850
315888
315894
315910
315948
315982
315981
316213
316219
316316
316484
316544
309782
309762
309922
309981
309998
310055
310053
310079
310151
310162
310262
310278
310318
310358
310340
310350
310407
310457
310499
310566
310606
324418
324534
324551
324592
324643
324676
324738
324809
324822
324868
324935
324923
324977
325026
325213
325257
325287
325332
329330
329400
329447
329501
329528
329579
329581
329535
329612
329637
329690
329725
329844
329923
330092
330125
330131
330155
330177
330174
330199
330232
342847
342861
342881
342945
342983
343081
343086
343189
387801
387820
387864
387856
387940
388076
388083
388084
388134
388160
388236
388245
388252
388254
388306
388341
388407
388472
388551
388578
388647
388661
388668
389854
389890
390003
390092
390111
390113
390099
455784
455797
455865
455885
455914
455927
456023
456035
456060
456205
456219
456295
456389
456418
456517
456582
459721
459763
459856
459851
459875
459898
459914
459950
460016
460141
460167
460171
460203
460211
460312
460389
460512
460528
460541
460584
460600
540626
540648
540674
540686
540675
540765
540760
540811
540822
540851
540876
540862
540941
540947
540943
540976
541003
541047
541048
541073
541126
541124
541135
541158
541262
541260
541279
541293
541365
541409
541494
541562
546374
546379
546380
546381
546385
546460
546526
546626
546745
546742
575518
575552
575707
575722
575743
575761
575801
575911
575944
575973
576060
576053
576068
576175
576195
576171
576291
576335
576346
576385
576428
577586
577728
577798
577875
577890
600525
600541
600596
600629
600619
600642
600698
600830
600848
601035
601079
601127
601108
601170
601207
601359
601440
601498
601515
601548
601549
601557
601591
601656
601663
601711
601826
601857
601926
15784
15828
15841
15893
16013
16030
16128
16222
16443
16475
16656
16648
81967
82000
82013
82015
82050
82124
82125
82127
82192
82312
82417
82459
82504
82615
82624
82643
82690
82734
82745
82766
82791
82780
82805
82818
82840
82847
82843
82892
83126
83211
83214
83264
83357
83309
83366
83467
83538
83565
83535
83591
83764
83846
83877
83880
88955
88991
89071
89124
89128
89211
89226
89256
89289
89350
89431
89414
89458
89474
89496
89542
89559
89589
89604
89615
89662
89655
89672
90756
90834
90925
90986
91002
90996
91018
91292
91352
91370
91363
91405
91413
91458
143798
143823
143856
143932
143960
144001
144023
144057
144235
230078
230072
230122
230098
230316
230317
230341
230346
230349
230362
230386
230398
230393
230504
230511
230724
230784
230832
230889
230885
194851
194855
195034
195047
195445
195500
195511
195542
195539
195584
195594
195759
204649
204696
204822
204835
204849
204990
205159
205280
205313
205323
205356
205357
205401
205476
205477
221115
221170
221279
221307
221406
221441
221495
221489
221557
221625
221670
221686
221692
221740
221782
221793
221851
221928
221955
222007
228936
228957
229054
229074
229088
229204
229231
229255
229272
229288
229303
229377
229383
229392
229435
229452
229463
229550
229665
229713
229746
229787
229886
297703
297735
297825
297840
297866
297905
297994
297989
298154
298271
298282
298305
298299
298357
298553
298627
298648
298684
298718
298740
298843
298908
299021
299096
604776
604792
604805
604859
604895
604944
604976
604996
605009
605119
605117
605137
605253
605279
605331
605441
605496
605575
605623
605651
605831
605944
606011
606149
610594
610606
610722
610747
610757
610782
610804
610822
610830
610853
610870
610934
610937
611019
611089
611111
611113
611128
611139
611172
611213
611409
611415
611449
28086
28320
28357
28418
547272
547379
547430
547542
547622
547741
547873
547893
548000
548007
548070
548110
548187
30286
30300
30329
30348
30398
30478
30510
30498
30550
30643
30660
30828
30848
30841
30965
30990
31022
59601
59615
59655
59690
59723
59805
59838
59940
59970
60116
60131
60175
60179
60199
60212
60264
60365
60368
32286
32348
32392
32473
32502
32543
32549
32555
32622
32632
32704
32735
32942
32939
32957
32938
32964
33040
33098
47869
47861
47915
48015
48140
48305
161216
161258
161286
161343
161361
161405
161438
161477
161526
161535
161556
161595
161598
161626
161642
161675
161685
161691
168611
168666
168894
168999
168968
169133
169165
169257
169266
169353
169376
169464
169479
165139
165167
165289
165378
165382
165396
165473
165536
165544
165565
165636
165661
165735
165783
165782
165823
165841
165890
166073
166087
166130
166147
166197
166245
166269
166557
166569
176417
176459
176458
176587
176594
176606
176659
176691
176720
176886
176947
176974
176986
177021
177027
177043
177216
177270
177292
177341
241528
241582
241636
241628
241798
241790
241954
210552
210589
210607
210621
210637
210740
210795
210833
210930
210977
211003
211010
211022
211213
211281
257219
257256
257271
257282
257365
257456
257443
257483
257528
257505
257669
257699
257764
257798
257834
257881
257978
219137
219180
219245
219273
219308
219334
219362
219367
219373
219421
219474
219531
219535
219551
219614
219628
219651
219696
219719
219711
219756
219826
219843
219912
219927
219944
219954
219979
220079
228053
228074
228115
228138
228246
228253
228267
228322
228327
228388
228410
228421
294234
294240
294374
294487
294524
294537
294616
294713
294939
294961
294929
295059
295099
295160
301076
301092
301213
301225
301318
301380
301394
301408
301423
301504
301467
301532
301738
301746
606187
606326
606332
606349
606386
606416
606519
606544
606605
606626
606672
606687
606771
606959
607075
607179
607319
607393
607469
607490
607560
607788
607787
607835
607810
608039
608115
608114
608192
608488
608537
608561
608629
608651
608658
608720
608747
608790
608931
608949
609071
609076
609115
609125
609194
609231
609313
609339
609396
609437
609440
609459
609609
609636
609651
609754
609840
609883
609894
610016
610028
610048
610069
610141
610202
610311
610344
610527
610534
610559
28421
28450
28467
28470
28513
28491
28553
28570
28678
28701
28731
28766
28770
28778
28796
28812
28840
28855
28883
28944
28978
28979
29042
29098
29212
29223
29240
29250
29254
29260
29279
29289
29301
29364
29384
39058
39112
39133
39150
39177
39216
39386
39388
39496
39509
39519
39538
39612
39636
39676
39694
39811
39854
39891
39889
39941
39943
39974
41987
42002
42037
42060
42057
42092
42284
42330
42394
42562
42604
42663
42702
42712
42812
42821
42891
51757
51862
51921
51939
51979
51982
52127
52111
52176
52380
52583
52616
52710
186045
186044
186081
186213
186228
186269
186291
186312
186326
186438
186468
186500
186553
186663
186678
186696
186703
186834
186857
186951
189965
190014
190041
190067
190146
190221
190219
190231
190285
303846
303861
303867
303869
303903
304051
304122
304151
304183
304235
304270
304278
304310
304347
304377
304384
304391
304458
304492
304493
304545
304584
304599
304750
311748
311763
311788
311901
311915
311958
311987
311999
312023
312044
312084
312096
330399
330471
330507
330710
330780
330822
330800
330838
330853
331005
331064
331231
332063
332166
332240
332509
398791
398823
398843
398845
398879
398932
398940
398968
399034
399056
399090
399255
399259
400274
400383
400421
400467
400506
400548
400603
400649
400687
400712
400766
400827
400832
400843
400836
400899
400969
401069
401158
401162
401176
401215
487491
487625
487694
487713
487841
487904
487925
487965
488030
488020
488075
488100
488290
488298
488310
488309
488374
488448
488485
488530
488544
488643
488671
488757
488768
488789
574496
574696
574739
574804
574812
574998
575006
575059
575078
575096
575087
575192
575258
575318
576652
576657
576662
576710
576725
576785
576852
576881
576934
576987
577066
577071
577077
577217
577224
577396
41019
41094
41169
41297
41341
41337
41428
41462
41490
41595
41720
46900
46906
46957
46968
47001
47039
47249
47381
47417
47438
47535
47565
47571
47586
47604
47611
47664
47686
47705
47758
98408
98441
98456
98748
98835
98849
98864
98904
98990
99034
99032
99066
99107
99315
100361
100359
100381
100390
100457
100489
100511
100531
100555
100571
100572
100596
100622
100618
100657
100665
100707
100723
100751
100804
100828
100844
100890
100912
100923
100933
100972
101001
101014
101051
101107
101167
101239
101250
101282
438784
438845
438815
438866
438956
438985
439040
439097
439075
439143
439249
439254
439252
439302
439426
439459
439498
439537
439628
439755
439773
439797
439831
439812
439952
439955
439974
439995
440075
440114
440162
442212
442250
442265
442257
442271
442293
442315
442525
442531
442551
442609
442633
442740
442788
442806
442851
442903
442983
443012
443047
443073
443098
443183
443192
443205
443216
443229
443286
443316
443496
443589
443598
443627
443692
443720
443734
443756
443902
444084
444143
493841
493931
493992
494121
494175
494203
494237
494254
494348
494403
494473
494467
494536
494698
505526
505587
505636
505767
505816
505857
505875
505909
505925
505948
506006
506218
506215
506250
506287
506331
506409
506469
506473
511457
511477
511530
511549
511597
511598
511634
511645
511697
511813
511852
511848
511975
512214
512223
512275
512436
512456
512472
512534
512615
512636
512644
512769
512773
512757
512804
512792
512810
512819
512886
512904
512980
512987
513036
513044
513090
513104
587284
587287
587294
587307
587397
587423
587453
587684
587759
587834
587891
587889
587900
587895
587932
588030
588128
589355
589412
589429
589442
589510
589557
589622
589644
589689
589783
589884
590028
590061
590101
590173
590189
590182
590230
590269
590448
590471
590545
590611
590614
590739
590897
591097
595094
595220
595262
595307
595442
595489
595546
595548
595550
595557
595593
595634
595671
595743
595905
595916
595925
53749
53863
53861
53905
53915
53990
54072
54115
54179
54215
54243
54312
54317
54369
54405
54502
54540
54576
54570
54585
54593
54629
54649
56806
56796
56901
56920
57010
57026
57107
57145
57136
57148
57173
57213
57234
57503
57604
57621
207596
207708
207808
207857
207911
207924
207935
207947
207966
208038
208039
208097
208198
208332
208327
208370
208383
208396
208486
208489
291393
291439
291434
291507
291530
291620
291644
291776
291791
291806
291858
291896
291935
291993
292173
209587
209648
209717
209728
209718
209721
209729
209751
209763
209733
209835
209931
209944
210128
210194
210198
210251
210276
210319
210326
210348
210378
210405
210432
210465
210475
299126
299237
299326
299375
299400
299391
299470
299548
299567
304846
304966
305025
305126
305186
305294
305383
305470
305494
305551
305571
305659
305729
310776
310783
310791
310786
310808
311033
311030
311135
311199
311217
311291
311333
311364
311326
311465
311514
311534
311531
311574
311613
311628
322437
322472
322483
322481
322504
322523
322595
322678
322774
322854
322899
323022
323032
323123
323165
323220
323280
323361
323375
323380
359507
359533
359591
359630
359607
359668
359692
359734
359834
359814
359866
359848
359852
359878
359890
359957
360028
360070
360174
360212
360230
360293
360325
360389
360383
360454
346744
346776
346856
346901
346961
346984
347013
347032
347016
347107
347124
347171
347191
347213
347238
347249
347260
347443
347506
347507
347527
347581
347580
347676
347813
347828
347972
347993
348052
348107
348195
348245
348271
348320
348347
348334
348394
348493
348518
348563
348564
348650
403186
403222
403264
403282
403335
403365
403389
403408
403488
403511
403629
403693
403726
403731
403827
403865
403872
404094
404145
405186
405204
405257
405340
405362
405354
405363
405388
405392
405492
405545
405480
405578
405607
417457
417456
417490
417528
417542
417569
417650
417712
417764
417774
426533
426705
426812
426891
426915
426923
426950
427164
427276
427319
427338
427373
427423
427430
427445
427484
521968
521993
522036
522045
522208
522206
522257
522244
522296
522369
522405
522416
522482
522491
522487
522510
522535
522586
522623
522673
522732
522737
522764
522928
526948
527002
527150
527182
527260
527261
527264
591236
591296
591352
591356
591546
591651
591777
591909
591965
591979
592017
592025
593162
593186
593272
593293
593277
593352
593395
593470
593444
593587
593655
593682
593675
593663
593737
593779
593806
593972
593969
594004
594083
118017
118034
118100
118194
118206
118283
118322
118352
118389
118461
118482
118576
118633
118665
118796
118808
118856
118893
118944
118977
119014
119114
119208
119236
119256
119253
119297
119382
119425
119479
119502
119563
119556
119590
119615
119647
119739
119765
119780
119805
119891
119899
119927
284447
284504
284582
284649
284703
284722
284818
284880
284948
284966
285029
285016
285062
285071
285212
285282
285307
285265
287372
287427
287446
287455
287465
287514
287527
287521
287539
287547
287576
287591
287606
287764
287894
287965
288139
288180
326375
326471
326475
326456
326482
326486
326492
326513
326572
326578
326579
326594
326665
326654
326717
326781
326782
326777
326831
326861
326908
326921
326994
327044
327079
327149
327212
382850
382928
382965
382972
383004
383024
382999
383041
383049
383078
383071
383108
383161
383256
383266
383356
383387
383470
383479
383499
383559
383574
383642
383720
383764
331273
331411
331550
331615
331609
331648
331746
331760
331801
331878
331912
331933
331939
331962
396336
396463
396521
396532
396530
396562
396590
396681
396720
396708
396751
396779
396792
396863
396884
396906
397036
397077
397116
397263
397285
334022
334066
334134
334137
334162
334232
334236
334241
334256
334313
334323
334328
334389
334394
334459
334551
334687
334705
334835
341859
341909
341911
341944
341966
342014
342016
342036
342062
342050
342100
342112
342170
342271
342312
342389
342387
342424
342449
342463
342610
342620
342631
342654
342807
340912
341044
341055
341093
341151
341143
341221
341322
341333
341433
341445
341454
341509
341514
341598
341666
341668
341706
341725
341792
341804
501587
501649
501743
501783
501797
501788
501880
501896
501919
502035
502159
502182
502193
502297
502446
502449
502495
373020
373027
373113
373239
373316
373321
373332
373394
373445
373525
373589
373613
373630
373678
373716
373727
373767
373782
373841
373901
373908
373940
373974
380874
380872
380877
380908
381059
381067
381061
381134
381136
381144
381165
381180
381224
381237
381398
381418
381454
381503
381534
381556
381576
381675
381695
384863
384954
384972
385021
385047
385175
385193
385203
385222
385266
385309
385343
431453
431500
431512
431580
431615
431788
432151
432171
432192
432216
432316
432329
433482
433562
433612
433645
433751
433791
495276
495238
495342
495362
495385
495412
495452
495462
495690
495696
497753
497749
497770
497777
497838
497845
497937
497970
498038
498113
498188
498310
498311
498348
498389
498415
498621
540106
540134
540157
540165
540225
540238
540302
540480
540479
540505
554131
554175
554243
554318
554327
554326
554386
554478
554491
554512
554488
554543
554558
554616
554619
554697
554752
554789
554955
554966
554970
554984
555074
151499
151523
151554
151578
151605
151614
151621
151746
152893
153028
153051
153082
153164
153204
153196
153328
153368
153514
153589
153618
153624
153644
153648
153697
153701
153784
153832
182124
182142
182157
182188
182230
182214
182236
182262
182318
182386
182537
182649
182681
182689
182692
182715
182817
182881
182892
183051
202765
202855
202885
202955
203056
203085
203112
203122
203125
203137
332577
332593
332612
332753
332824
332893
332959
409069
409115
409220
409199
409334
409381
409385
409378
409451
409476
409539
409544
409645
409707
409716
409719
409835
409825
409841
409964
409950
410012
410011
352676
352688
352834
352843
352989
352982
353029
353209
353220
353231
353240
353251
353311
353391
353415
353496
353532
357553
357541
357617
357640
357774
357881
357886
357903
358007
358028
358043
358122
358129
358300
358364
358370
358442
358445
362244
362269
362381
362433
362488
362552
362638
362680
362665
362761
362834
362857
362875
362927
363006
363020
363059
363186
371079
371102
371135
371122
371274
371282
371293
371333
371402
371528
371559
371561
371577
371646
371727
371750
421810
422131
422178
422206
422214
422293
422323
422370
422472
422569
424686
424756
424780
424803
424797
424829
424925
424937
424987
425049
425114
425127
425136
425153
425219
425234
425239
425276
425298
425306
425344
425376
425525
448123
448384
448492
448511
448577
448593
448620
448705
448691
448790
448975
448990
449024
458683
458685
458833
458879
458890
458939
458929
459172
459204
459359
459426
459487
459504
516090
516136
516169
516157
516221
516229
516303
516447
516532
516514
516594
516595
516674
516698
516711
516723
516737
516745
516857
516865
516870
516919
516999
517054
531839
531862
531883
532067
532195
532222
532252
523064
523124
523154
523171
523209
523328
523355
523371
523452
523463
523490
523493
523504
523544
523565
523755
523899
523915
184247
184250
184285
184319
184352
184439
184458
184496
184506
184542
184569
184681
184806
184866
184971
184967
195937
195994
196009
196147
196179
196228
196292
196309
196310
196564
196625
196649
196753
196759
246414
246479
246494
246532
246645
246722
246725
246746
246792
246817
246842
246885
246881
246921
246937
247079
247115
247154
247163
247200
266977
266988
266994
267144
267191
267218
267402
267412
267437
358565
358642
358672
358817
358893
358898
359027
359033
359165
359162
359219
359400
360483
360533
360552
360525
360596
360642
360682
360685
360754
360837
360972
361024
361083
361217
361264
361247
361266
361271
361285
361305
361320
361374
364354
364445
364472
364631
364726
364741
364748
364773
364775
364857
365037
365048
365110
365137
368167
368218
368293
368357
368374
368408
368494
368543
368545
368583
368666
368742
368735
368761
368775
368925
368979
368981
369074
374975
374990
375020
375044
375049
375095
375121
375134
375120
375172
375168
375194
375209
375248
375308
375462
375516
375519
375602
375632
375700
375716
375730
375782
375808
375868
375884
375913
375932
375938
420442
420478
420592
420672
420674
420700
420726
420793
420797
429515
429571
429626
429637
429683
429701
429798
429783
429802
429810
429894
430007
430024
430043
430090
430118
430145
430213
430200
430277
430283
430403
430426
444165
444207
444225
444185
444238
444344
444370
444456
444498
444532
444548
444553
444576
444573
444584
444596
444704
444724
444776
444820
444893
444888
444895
444963
444981
445022
445041
445072
445069
445100
461674
461732
461715
461851
462000
462027
462047
462055
462170
462213
462271
462293
462384
462390
462419
462468
462523
462553
462550
464556
464563
464572
464579
464567
464630
464656
464695
464732
464879
465034
465053
465191
465211
465238
465279
465334
465357
465457
560997
561038
561073
561155
561192
561224
561247
561311
561539
561543
561562
561711
561773
561804
561867
561911
561917
561993
562168
562197
562144
562260
562276
562310
562362
562409
562423
581394
581402
581469
581499
581545
581548
581703
581766
581761
581786
581834
581899
581944
581935
582025
582039
582069
586998
587050
587138
587213
588222
588344
588371
588373
588490
588617
588667
588726
588779
588763
588881
588931
588977
589052
589119
589142
227478
227504
227565
227595
227758
227819
235049
235054
235108
235159
235233
235234
235256
235286
235281
235459
235491
235560
235580
235587
235602
235615
235692
228541
228577
228593
228665
228712
228795
228801
228854
228864
228907
237024
237046
237177
237178
237331
237390
237420
237464
237484
237537
237539
237622
237628
237677
237697
237731
237741
237750
477315
477343
477369
477374
477415
477438
477459
477464
477550
477588
477582
477610
477617
477655
477858
477982
477996
478035
478135
478159
478210
478215
478241
482985
483083
483105
483116
483272
483387
483414
483412
480289
480421
480475
480587
480625
480639
480664
480749
480833
480842
480850
480902
480912
480991
481155
481182
481395
481505
481693
481760
481776
481798
481824
481834
481889
481928
481988
482088
482139
502587
502613
502671
502684
502751
502777
503174
503189
503233
503267
503292
503287
503379
503471
503578
503655
503654
503772
503779
503792
503801
503807
503922
503962
504008
504004
504201
504219
504306
504311
504335
504365
504407
527368
527472
527499
527518
527548
527555
527582
527631
527643
527681
527670
527694
527742
527757
534720
534837
534851
534928
534980
535097
535103
535127
535146
535209
535236
535297
535330
535348
535345
535370
535412
535544
535538
535567
535642
535679
535740
535764
535883
535887
535906
535930
535979
536042
536152
536297
536314
536398
536412
536460
536464
536526
536573
544328
544342
544512
544547
544572
544595
544729
544750
544797
556088
556101
556111
556174
556214
556231
556278
556354
556348
556368
556369
556415
556475
556586
556616
556617
556749
556871
556891
556902
556928
556959
556982
563974
564014
564075
564068
564111
564103
564118
564265
564321
564377
564494
564565
564623
564658
564674
564693
564841
570812
570841
570862
571020
571272
571281
571329
571414
571436
571463
571524
571520
571696
571750
571770
571822
571831
571867
571955
572038
572046
572259
572345
572379
572401
572448
572522
572729
580901
580947
581001
581053
581071
581152
581249
581272
581339
583390
583378
583435
583528
583539
583574
583586
583728
583729
583759
583848
583902
583907
583996
584002
584015
584059
584076
585310
585421
585402
585415
585487
585696
585777
585798
585829
585839
585869
585864
585916
585926
585961
585973
586034
586016
586091
586199
586270
586279
586298
586333
586342
586401
586439
586500
586606
11037
11082
11095
11132
11134
11159
11161
11173
11308
11355
11424
11487
11644
11652
11693
11759
20581
20741
20750
20812
20832
20818
20851
20862
20901
20972
21115
21174
21197
21178
21203
21183
21206
21312
21334
21341
21407
21452
21479
21510
21530
31173
31191
31226
31359
31367
31516
31590
31625
31624
31730
31800
31828
31840
31844
31952
32118
32142
36282
36424
36430
36498
36619
36637
36734
36907
36952
37026
37058
37128
37175
37389
37409
37428
37476
37466
37532
37542
37593
37636
37613
37818
37839
37923
37915
37962
38017
158840
158912
158917
158950
159087
159107
159141
159164
159226
38111
38286
38329
38347
38373
38404
38557
38620
38715
38765
38789
38878
38888
38933
38944
38981
38998
40058
40089
40093
40091
40186
40217
40237
40246
40391
40429
40450
40496
40599
40642
40636
40666
40773
40813
40860
40864
46394
46432
46531
46649
46688
46749
46734
46763
46793
171549
171560
171699
171754
171767
171911
171945
171947
171969
172085
172122
172141
172203
172207
172256
172270
172283
172317
172375
172471
48862
48890
48972
48997
49007
49038
49031
49066
49117
49152
49166
49207
49265
49288
49427
49431
49507
49566
49596
49778
49768
50872
50935
50983
51002
51047
51060
51145
51165
51185
51256
51257
51412
51434
51471
51481
51504
51502
51539
51630
151988
152006
152102
152128
152182
152210
152215
152330
152340
152395
152428
152446
152525
152573
152576
152599
152632
152638
152666
152760
152789
152767
152792
152823
152853
152878
203682
203753
203788
203783
203869
203891
203907
203908
203983
203999
204033
204041
204069
204073
204135
204158
204185
204290
204321
204323
204352
204479
204542
174958
174960
174987
174995
175089
175096
175128
175139
175165
175163
175288
175378
175379
175367
175381
175696
175727
175818
175887
175955
175992
176133
176305
176335
176368
176389
178503
178683
178752
178808
178813
178859
178861
178946
179009
179016
179072
179059
179145
179156
179182
179211
179235
179256
185104
185157
185165
185251
185392
185430
185507
185492
193863
193908
194041
194060
194056
194066
194116
194169
194229
194243
194261
194247
194319
194323
194345
194379
194441
194490
194519
194577
194565
194634
194644
194674
194732
194781
194828
243460
243656
243725
243726
243773
243791
243835
243851
243887
243876
243966
243985
244008
244005
244099
244162
244209
244222
244244
244291
244300
244334
256209
256249
256247
256285
256345
256400
256453
256444
256498
256511
256596
253292
253320
253374
253397
253426
253449
253487
253544
253565
253605
253713
253753
253763
253793
253840
253887
254117
254178
254162
267960
268027
268041
268064
268065
268187
268244
268298
268335
260105
260161
260221
260240
260367
260435
260480
260420
260514
260660
260732
260955
270924
270957
271050
271140
271143
271219
271326
271361
271430
271491
271520
271604
271608
271623
271638
280005
280180
280254
280294
280296
280327
280361
280473
289371
289442
289532
289522
289539
289556
289604
289632
289678
289660
289705
289804
289841
289885
289914
290016
290040
290074
290075
290085
290114
290132
290165
290215
290205
290250
290269
290278
518068
518385
518437
518503
518507
518547
518587
518841
518944
518980
519015
519008
530787
530810
530818
530824
530829
530932
530982
531022
531140
531177
531202
531222
531215
33186
33248
33254
33270
33475
33477
33491
33530
33537
33589
33579
33607
33681
33667
33694
33705
33726
33751
33842
33855
33993
34017
34057
34101
34104
35210
35247
35291
35326
35373
35358
35395
35465
35456
35522
34138
34210
34228
34247
34260
34294
34304
34413
34462
34492
34519
34531
34708
34713
34734
34752
34739
34900
34916
34921
34933
34953
35017
49852
49861
49915
50059
50164
50214
50231
50261
88352
88388
88400
88495
88574
88696
93501
93634
93689
93691
93794
93806
93843
93942
94023
94031
94086
94088
94135
94242
94250
94280
94417
94473
155886
155963
155999
156109
156130
156137
156192
156219
156277
156285
156326
156343
156374
156384
156420
156426
156439
156481
156575
156599
156613
156619
156631
156653
156726
169571
169591
169659
169671
169762
169780
169817
169840
169896
169954
170061
170140
170181
170202
170195
170287
170399
170411
162271
162342
162389
162420
162448
162487
162583
162591
162596
162607
167586
167602
167617
167697
167705
167773
167817
167915
167973
167984
168039
168080
168161
168174
168328
168333
168365
168433
168534
196804
196831
196898
197038
197056
197121
197152
197390
197539
197546
197572
197679
198772
198784
199070
199110
199144
199278
199352
199428
199438
199439
199488
199543
199661
199711
200230
200255
200242
200386
200403
200424
200438
200476
200574
200608
200674
200780
200819
200834
200880
201083
201124
201132
201172
201185
201270
201291
201298
201301
201351
201364
201420
201486
201550
201534
201554
201559
201577
201587
201625
201632
201651
275598
275740
275822
275901
275981
275995
275993
276046
276035
276111
276247
276249
276257
276343
276370
276395
276434
276544
280513
280634
280665
280729
280730
280746
280829
280904
280922
280923
280958
280970
281009
281028
281036
281156
281171
281286
281354
281391
281537
281605
281731
281732
281773
281821
281831
281919
281901
281954
282023
282081
282103
282235
282308
282440
282461
282644
282681
282805
282844
282845
282873
282934
320966
321182
321215
321214
321347
321435
328361
328355
328408
328488
328490
328495
328558
328597
328637
328732
328738
328777
328797
328846
329075
329118
329141
329243
329256
329262
456728
456773
456810
456804
456838
456878
456901
456951
456993
457059
457075
457119
457138
457157
457233
457250
457308
457328
457347
457442
457469
457489
457504
457507
457574
473356
473384
473459
473552
473666
473725
473726
473786
473790
473995
474018
474052
474095
474105
474111
474153
474188
474190
474219
474224
474277
506555
506599
506625
506658
506678
506677
506798
506848
506873
506927
546955
547128
547145
547208
547218
547242
548310
548486
548533
548573
548571
548585
548634
548665
548678
548707
548746
548916
548906
549023
549003
549029
549056
549090
549181
549187
44934
44945
44949
45036
45085
45078
45117
45127
45194
45183
45248
45278
45366
45609
45756
45864
45887
45894
45903
45920
45933
46004
46010
46030
46149
46208
46284
58655
58661
58680
58796
58861
58872
59015
59097
59110
59171
59221
59222
59226
59338
59459
59506
166696
166723
166782
166842
166843
166979
166968
167006
167046
167134
167148
167217
167222
167225
167238
167252
167354
167361
167397
167429
167435
167475
167473
77157
77175
77216
77205
77271
77330
77435
77499
77525
77573
77613
77660
77672
77678
77683
77691
77753
77704
77823
77826
77916
77917
77997
78014
78018
78048
78155
78176
78223
78252
78257
78271
78296
78307
78311
78357
78373
78383
78389
78393
78419
177388
177496
177548
177549
177886
177913
177959
178004
178015
178047
178078
178143
178136
178225
178247
181144
181212
181241
181262
181321
181399
181505
181561
181577
181625
181616
181734
181738
181735
181773
181906
182088
205639
205674
205717
205772
205785
205814
205837
205869
205921
205967
205989
206005
206040
206090
206098
206196
206230
206227
206403
206471
206515
206547
206572
248348
248420
248403
248508
248589
248650
248839
248859
248894
248943
248947
249038
249059
249119
249157
249201
249216
249286
249287
249282
223069
223139
223232
223256
223385
223463
223474
223537
223648
223665
223732
223753
223802
223912
224003
224006
233843
233853
233967
233985
233982
233986
234091
234188
234174
254250
254347
254358
254466
254467
254462
254476
254498
254531
254571
254575
254624
254674
254675
254710
254748
254780
254775
254837
254889
254900
254979
255097
255106
255155
265241
265381
265424
265468
265508
265558
265734
265750
265825
265864
265854
265910
265922
265967
264094
264168
264210
264211
264260
264288
264366
264368
264486
264517
264521
264528
264530
264568
264657
264671
264732
264739
264779
264837
264895
266142
266303
266370
266449
266483
266500
266502
266696
266717
266721
266858
272700
272771
272779
272877
272965
272962
272983
273102
273140
273194
273207
273336
273351
273339
273460
273515
273545
273558
273577
285406
285413
285438
285472
285659
285657
285679
285699
285693
285791
285831
283009
283056
283041
283061
283194
283273
283328
283354
283370
283396
286366
286525
286528
286555
286603
286662
286667
286710
286800
286834
286873
286927
286924
287051
287062
287146
317557
317853
317916
317949
317992
318095
318234
318242
318250
318292
318498
320473
320622
320685
320761
320737
320794
320841
320869
320866
320884
320927
320949
320075
320114
320230
320248
320258
320330
320317
395423
395487
395561
395734
395737
395877
396073
396081
396124
396248
417902
417909
417925
417942
417978
418110
418197
418421
418538
418690
418695
418776
418804
418862
419899
420003
419973
420060
420124
420136
420155
420213
420287
420275
423108
423145
423211
423228
423374
423391
423526
423527
425606
425653
425693
425824
425817
425935
425956
426069
426092
426079
426099
426131
426155
426192
426239
426288
426323
426358
426369
426381
426469
450583
450621
450642
450730
450803
450859
450974
457800
457858
457925
458050
458106
458128
458126
458138
458255
458257
458273
458290
458352
458391
458488
458555
458576
458596
458647
65291
65578
65601
65703
65730
65764
65849
65853
65909
65989
65997
66059
66135
66227
73113
73217
73227
73251
73275
73277
73462
73505
73563
73820
73830
73866
74090
71236
71256
71319
71352
71408
71423
71510
71591
71660
71699
71689
71768
71801
71827
71877
74167
74177
74197
74192
74219
74236
74445
74441
74509
74534
74574
74651
74639
74679
74771
75026
80963
81140
81167
81186
81189
81303
81286
81346
81388
81469
81489
81748
81833
110271
110350
110362
110445
110442
110587
110622
110909
110916
110938
111028
111038
111064
111083
111081
111112
126162
126216
126356
126380
126369
126419
126461
126522
126580
126601
126615
214293
214310
214312
214436
214464
214478
214482
214488
214561
214634
214645
214658
214643
214723
214750
214752
214845
214990
215044
215094
215119
130623
130760
130770
130804
130810
130826
130864
130899
130880
130921
130931
130990
131025
131036
131063
131137
131313
131446
131501
131491
138426
138504
138566
138577
138683
138803
138870
138903
138960
138972
139021
138987
139173
139267
139271
139341
133510
133618
133663
133729
133734
133792
133827
133936
134006
134024
134054
134071
134077
134133
134143
134159
134233
134238
134294
134460
143288
143334
143371
143466
143498
143511
143534
143599
143603
143641
143660
143688
135511
135521
135540
135566
135638
135806
135839
135950
135993
136076
136095
136107
136123
136133
136128
136167
136182
136226
136367
144273
144294
144462
144642
144641
144646
144705
144711
144937
144959
144986
145006
145011
145048
145083
145119
145178
148197
148208
148199
148479
148560
148756
148812
148885
148951
148946
148952
149017
149032
149052
212336
212406
212523
212531
212580
212739
222091
222084
222122
222130
222160
222241
222243
222274
222277
222323
222346
222527
222518
222548
222539
222578
222716
222768
222828
223045
224066
224199
224223
224271
224301
224391
224376
224409
224460
224540
224552
224565
224553
224585
224631
224633
224649
224758
224759
224755
224788
224801
224821
224838
224894
225023
225075
225138
225183
225229
225218
225242
225250
225284
225299
225368
225445
225468
225576
225604
225607
225634
225640
225668
225757
225848
225847
225882
225972
240451
240473
240598
240629
240652
240671
603705
603742
603778
603781
603785
603806
603812
603842
603873
603979
604025
604053
604118
604175
604180
604186
604190
604212
604297
604322
604387
604389
604391
604444
604475
94482
94799
94806
94833
94842
94834
94849
94906
94962
94979
95059
95229
95244
95246
95353
95413
154058
154106
154138
154183
154219
154245
154573
154603
154638
154683
154692
154691
154723
154700
154799
154797
187031
187134
187132
187243
187258
187321
187332
187322
157788
157819
157933
157962
157990
157993
158039
158090
158139
158178
158325
158334
158436
158508
158680
158693
158715
158699
158734
161711
161729
161742
161751
161863
161914
161967
161968
162068
162083
162166
162190
162716
162758
162754
162826
162856
162901
162925
162938
162945
162958
162965
162969
163019
162988
163038
163109
163150
163224
163348
163400
163409
163432
163503
163523
163577
163621
164684
164807
164823
164852
164861
164866
164891
164898
164966
164964
164988
165029
165050
172982
173028
173114
173111
173263
173349
173364
173437
173455
173491
173498
173543
173556
173608
173634
173752
173950
173989
174008
174104
174229
174218
174389
174416
174424
174429
174428
180428
180516
180587
180658
180690
180704
180731
180751
180750
180810
180846
180992
181000
181100
188978
189002
189057
189118
189112
189208
189254
189277
189358
189342
189368
189377
189432
189437
189533
189641
189772
189802
189813
189814
189840
189868
189885
190455
190502
190530
190531
190541
190583
190587
190698
190720
190749
190712
190854
190925
191034
191064
191085
191226
191253
191320
191327
191321
191341
191476
191487
191497
191510
191549
191563
191605
191641
191642
191691
191755
191842
203214
203292
203305
203332
203342
203399
203431
203561
278567
278594
278654
278752
278818
278842
278940
278974
279186
279304
279343
279410
279423
226045
226123
226164
226227
226268
226358
226369
226483
226484
226539
226581
226660
226661
226735
226801
226825
226882
226954
227075
227089
227171
227208
227359
227386
227401
227395
232884
232870
232929
232956
232968
233002
232990
233056
233136
233135
233461
233493
233500
233667
233726
233788
268459
268491
268613
268637
268649
268781
268750
268776
268914
268920
268939
269105
269200
269242
269262
269265
269304
269408
269451
269498
269502
269523
269538
269643
269702
269754
269760
269792
269842
269853
269874
269893
288835
288892
288915
288992
289023
289039
289109
289171
289181
289228
289253
289269
292268
292287
292296
292344
292337
292356
292420
292471
292619
292624
292700
292708
292744
292922
292952
292968
292977
293026
293034
293036
293073
293147
293186
293202
293218
508462
508525
508548
508769
508802
508884
508939
508933
508940
508999
509007
509020
509039
509045
509226
509229
509275
509318
509357
159307
159418
159445
159568
159578
159603
159607
188084
188134
188128
188159
188305
188363
188407
188512
188597
188694
188739
188784
188789
188804
188881
197808
197901
197956
197976
197977
197968
198005
198028
198062
198105
198122
198165
198173
198214
198232
198265
198264
198301
198383
198420
198428
198437
198403
198496
198512
198578
198730
199749
199812
199801
199910
200001
200091
200107
200205
305775
305811
305804
305983
306004
306084
306095
306114
306138
306195
306206
306231
306294
306281
306307
306366
306425
306416
306458
306548
306586
306575
306692
306702
306748
306721
339916
340074
340110
340103
340169
340225
340236
340285
340330
340415
340391
340446
340621
340670
340687
340696
340724
340719
340754
340750
340759
340801
340819
340814
307733
307741
307760
307848
307898
307899
308009
308038
308145
308220
308203
308290
308324
308369
308393
308457
308518
308545
308636
308918
308917
308940
308951
309058
309059
309085
375956
375964
375988
376089
376226
376373
376410
376470
376498
376574
376600
376588
376715
376723
376801
376820
376798
376852
377970
378019
378068
378148
378213
378232
378254
378246
378266
378383
378411
378475
378554
378566
378567
378676
378685
378798
378804
378852
390191
390199
390209
390221
390375
390429
390610
390604
390612
390632
392467
392567
392546
392573
392575
392665
392761
392787
392825
392883
392991
392996
392995
393045
393110
393182
393206
393354
412011
412007
412063
412175
412182
412232
412289
412497
412640
412648
412729
412751
412822
412853
412861
412865
412924
412927
412961
412972
422599
422623
422630
422677
422665
422759
422833
422883
422896
422967
465520
465543
465565
465591
465659
465660
465667
465695
465884
465925
466040
466048
466052
466094
466115
466215
466232
466227
466226
466362
466378
466416
498641
498679
498650
498717
498745
498782
498852
498908
499025
499063
499075
499189
499250
499270
499279
499244
499378
499413
499501
499496
499580
499603
541662
541736
541758
541773
541884
541916
541947
541983
541993
542180
542208
542240
542282
542284
542312
542359
542416
542424
542467
542528
542541
542590
542606
542648
542666
542704
542891
542986
543167
543258
543294
549386
549425
549479
549514
549545
549598
549644
549687
549722
549769
549811
549883
549899
549984
549995
550010
550059
550151
552184
552206
552266
552285
552414
552426
552446
552541
552647
552661
552688
552705
552744
552839
552828
552853
552916
552977
552989
552991
578427
578484
578651
578687
578692
578711
578808
578813
578911
578934
579040
579115
579200
579221
580376
580432
580587
580601
580636
580710
580731
580782
580796
580831
580832
594114
594128
594181
594204
594355
594506
594507
594537
594576
594691
594703
594804
594878
594898
594987
595071
599987
600034
600042
600113
600152
600144
600164
600174
600192
600243
600269
600324
600335
600406
201715
201721
201726
201855
201847
201875
201915
201891
201949
201973
202127
202165
202218
202264
202289
202335
202378
202437
202457
202443
202456
202500
202661
242546
242598
242615
242683
242755
242768
242880
242895
242892
242919
242931
242981
243036
243132
243125
243144
243153
243246
243347
243366
243370
243426
259182
259181
259209
259296
259340
259362
259433
259527
259551
259582
259602
259714
259731
259835
259827
259819
259931
260029
260048
261109
261127
261122
261139
261164
261316
261392
261401
261442
261463
261526
261563
261702
261989
262077
262138
262171
262260
262272
262304
262460
262545
262636
262710
262699
262828
262870
262935
262987
279508
279631
279665
279862
279856
279919
279946
279957
279985
279995
338924
338946
339021
339038
339098
339123
339126
339189
339198
339230
339247
339406
339444
339459
339590
339596
339636
339641
345794
345790
345947
345966
345981
346007
346107
346130
346157
346171
346208
345286
345285
345335
345330
345399
345432
345514
345539
345540
345604
345722
354593
354586
354612
354741
354749
354793
354863
354937
354961
355104
355088
355149
355146
355147
355164
355276
355262
355303
355363
355366
355426
355430
355509
351771
351900
351898
351911
351955
351966
351974
352132
352234
352257
352368
352384
352418
352466
352452
352509
352507
355624
355948
355954
355989
356043
356062
356103
356219
356225
356242
356245
356319
356374
356485
356471
366207
366230
366222
366299
366349
366347
366392
366401
366411
366446
366441
366489
366541
366561
366577
366581
366587
366641
366732
366855
366868
366829
366866
366980
369140
369218
369225
369271
369332
369493
369539
369513
369579
369618
369709
369767
369825
369895
369907
369921
419127
419146
419205
419331
419359
419440
419570
419588
419576
419627
419688
419695
419738
419789
501110
501155
501340
501349
501378
501473
501507
501514
501512
501534
510531
510582
510663
510674
510693
510698
510756
510824
510860
510849
510869
510857
510931
510961
511049
511055
511198
511204
511221
511234
511250
511276
511302
511311
511318
509475
509472
509526
509627
509684
509772
509785
509806
509856
509862
509878
509915
509968
509966
509978
510006
510037
510016
510207
510218
510307
510337
510340
531276
531376
531514
531578
531666
531745
543351
543400
543438
543453
543554
543633
543758
543765
543908
543920
543964
544033
544038
544063
544125
544154
544182
544205
544179
544221
533775
533781
533837
533886
534063
534092
534119
534133
534147
534273
534434
534503
534617
534633
537653
537720
537741
537769
537830
537985
538030
538180
538195
538284
538288
538311
538364
538424
538452
538469
244457
244462
244519
244610
244616
244828
244876
244953
244964
244979
245003
245004
245037
245145
245157
245156
245161
245248
249329
249485
249526
249532
249558
249565
249604
249686
249747
249779
249778
249866
249888
249996
249994
250007
250037
250066
250119
250127
250159
250241
250240
274617
274623
274631
274695
274741
274773
274777
274836
274959
275003
274990
275021
275029
275239
275347
275463
275471
275486
275567
276571
276592
276669
276720
276732
276739
276848
276923
276971
277003
277032
277174
277271
277275
277337
277357
277479
301940
302001
302070
302087
302114
302172
302219
302328
302351
302372
302433
302570
302580
302672
302715
302716
302755
302828
313657
313710
313749
313770
313808
313846
313873
313913
313916
313947
314122
314140
314153
314203
314216
314282
314347
314378
314412
314450
314557
314590
413171
413179
413234
413249
413394
413410
413500
413544
413589
413682
413702
413739
413935
416920
416929
416959
416994
417149
417173
417222
417278
417311
417369
417393
433899
433916
433956
434030
434053
434055
434126
434164
434169
434195
434242
434284
434294
434313
436313
436324
436365
436403
436453
436508
436573
436681
436753
436807
436862
436915
436992
437124
437146
437222
468968
469103
469116
469109
469124
469276
469303
469361
469379
476391
476425
476439
476431
476492
476513
476506
476581
476604
476725
476832
476837
476885
476927
476945
476957
477043
477072
477194
477241
472378
472434
472454
472561
472607
472690
472871
472921
472990
473016
473081
473106
473185
473276
473347
486892
486904
486975
487154
487169
487262
487292
487316
484949
485007
485021
485182
485214
485269
485279
485333
485327
485418
485439
485497
485547
485549
485569
485680
485719
485788
485791
485805
485895
485898
485925
486096
486119
486134
486191
486187
486320
486383
486426
486506
486532
486554
486592
486609
486669
486668
486742
486743
486755
486763
486817
486844
486853
486857
486880
490881
490981
491014
491041
491121
491206
491262
491271
491282
491308
491387
491385
491429
491427
491435
491450
491473
491466
491496
491613
491669
491713
491747
494721
494778
494792
494791
494814
494823
494853
495015
495025
495075
496828
496874
496907
496908
496936
496983
497026
497062
497084
497129
497319
497390
497429
497422
497479
497469
497496
497488
497631
499690
499720
499778
499784
499811
500044
500074
544834
544849
544935
545016
545007
545032
545031
545036
545071
545249
545279
545332
545474
545514
545533
545545
545536
545583
545606
545617
545765
545789
545905
545960
546047
546068
546160
546204
596139
596143
596145
596194
596187
596202
596219
596260
596272
596288
596295
596357
596531
596539
596561
596576
596602
596730
596862
597019
302889
302935
302956
302979
303019
303023
303113
303144
303176
303229
303239
303258
303251
303411
303428
303519
303533
303563
303557
303637
303679
306761
306864
306938
307043
307086
307330
307496
307660
307671
314725
314789
314806
314827
314909
314931
314964
315035
315048
315039
315046
315223
315317
315358
315372
315377
315391
315465
318552
318561
318554
318598
318649
318716
318706
318745
318845
318849
318865
319003
319004
319014
319104
319159
319187
319219
319259
319307
319352
319366
319380
316567
316568
316615
316822
316831
316860
316887
316880
316925
316944
316963
316961
316970
316986
317038
317081
317122
317192
317191
317280
317331
317338
319532
319523
319600
319700
319806
319917
319934
393389
393473
393540
393723
393787
393789
393785
393837
393852
393909
394016
394006
394026
394206
394254
394252
394299
394309
394332
398313
398364
398389
398453
398463
398465
398456
398520
398528
398583
398630
398631
398670
398708
398721
463590
463629
463656
463690
463679
463687
463827
463915
463980
464005
463985
464086
464111
464126
464192
464283
464334
464359
464435
464459
467484
467634
467775
467767
467802
467812
467931
467943
467998
468254
468291
468400
468440
514191
514222
514340
514335
514374
514568
514582
514596
514632
514653
514656
514716
514735
514734
514780
514779
514835
514870
514875
514897
514908
514974
515063
515096
524010
524034
524031
524072
524100
524124
524200
524233
524234
524404
524459
524514
524717
524856
558593
558657
558734
558785
558807
558966
560150
560182
560183
560202
560209
560285
560316
560343
560323
560338
560389
560412
560450
560478
560428
560613
560619
560608
560602
560649
560764
560774
560779
560863
560892
560919
563440
563482
563491
563579
563726
563898
573529
573689
573724
573742
573746
573778
573882
574051
574085
574153
574173
574190
574198
574218
574244
574283
574302
574324
574404
574425
574455
1013
1176
1195
1215
1264
1341
1473
1531
1620
1674
1742
1766
1786
1799
1843
1864
1865
1868
2055
2074
2164
2299
2326
2320
2358
2374
2512
2663
2812
2810
2817
2884
27472
27493
27536
27677
27730
27766
27787
27812
27819
27885
27892
27927
238745
238945
239103
239348
250357
250388
250407
250517
250531
250599
250749
250769
250772
250780
250802
250807
250803
250844
250843
251040
251237
251246
251240
267465
267472
267636
267713
267765
283459
283527
283564
283616
283624
283603
283653
283731
283796
283798
283791
283812
283839
283857
283862
283974
284066
284120
284149
284151
284236
284289
284375
312174
312254
312281
312302
312381
312451
312505
312585
335040
335067
335162
335172
335227
335255
335315
335334
335390
335484
335513
335485
335651
335698
335689
335783
335766
335791
335817
335829
335845
335938
312667
312686
312710
312723
312847
312848
312957
313005
313101
313146
313169
313196
313214
313290
313296
313362
313372
313386
313419
313537
327360
327375
327417
327445
327452
327479
327506
327570
327619
327643
327646
327674
327864
327899
327922
327964
328056
328129
328216
348701
348698
348834
348845
348962
349002
349088
349117
349166
349183
349241
349264
349304
349312
349307
349373
349387
349530
349532
349572
349589
349664
363266
363417
363510
363608
363621
363837
363889
364013
364020
364156
364160
405672
405771
405802
405814
405909
405940
405972
406072
406098
406085
406084
406109
406143
406164
406247
406286
406341
406363
406390
406387
406402
406415
406429
406463
406600
406638
406659
406643
406681
406744
406766
406759
406821
406829
406827
406879
406907
406959
407050
452808
452868
452966
452987
453075
453089
453094
453159
453236
453248
453366
453468
453522
453538
453553
453623
453636
453654
474427
474446
474491
474567
474548
474725
474729
474730
474749
474852
474847
474861
474936
474986
475005
474991
475018
475020
475008
475042
475051
475109
475153
475156
475174
475205
475216
475213
475285
475289
469500
469536
469557
469584
469611
469808
469809
469869
469917
469907
469905
469935
469961
470054
470086
470107
470112
470263
470313
470323
470383
470372
470460
470458
470476
470526
470556
470557
470586
470747
470777
470792
470813
470857
470890
470885
470997
471032
471033
471094
471131
471185
471323
471397
471422
471445
471524
471643
471646
471702
471696
471737
471902
471954
471977
472005
472012
472020
472084
472088
472104
472119
472154
472194
472226
472270
472321
472353
483453
483650
483774
483821
483832
483920
489884
489905
489915
489940
490015
490026
490114
490221
490242
490268
490355
490358
490366
490543
490555
490584
490624
490694
490780
506977
507092
507074
507110
507112
507223
507226
507274
507377
507507
507543
507561
507623
507640
507661
507865
507877
507895
507930
507945
508028
508043
508068
508085
508186
508321
508356
508381
508423
513196
513281
513301
513335
513344
513349
513388
513499
513517
513550
513593
513649
513952
513988
514043
514096
514122
521041
521047
521101
521132
521156
521280
521315
521372
521587
521656
521718
521726
521752
521775
521868
521895
517205
517231
517312
517320
517318
517360
517390
517398
517405
517466
517482
517619
517703
517729
517990
524986
525053
525085
525112
525177
525260
525304
525486
525545
525594
525585
525600
525707
525723
525781
525830
525848
6875
6884
6967
6975
7033
7080
7163
7178
7180
7192
7227
7342
7352
7520
7561
7563
7583
7689
7690
7736
7774
7801
7825
8860
8919
8957
9006
9054
9072
9221
9228
9242
9300
9369
9403
9547
9566
9583
9624
9660
9769
159819
159832
159835
159857
159884
159939
159958
159968
159981
160076
160115
160151
160254
160284
160331
160356
160431
160473
160482
160525
160624
160690
160785
160795
160876
160917
160927
160945
160960
161066
161115
161114
208665
208768
208973
208991
209018
209079
209183
209244
209346
209373
209375
245434
245487
245515
245513
245517
245559
245618
245597
245653
245768
245794
245801
245860
213289
213392
213404
213405
213437
213531
213609
213619
213625
213678
213703
213795
214062
214096
214111
214195
216250
216339
216360
216391
216445
216473
216488
216526
216538
216592
216629
216670
216694
216708
216742
216809
216849
216852
216892
216982
216981
217019
217057
217056
217115
217175
263060
263138
263166
263175
263207
263213
263232
263281
263296
263343
263376
263401
263406
263532
263631
263697
263724
263742
263748
263844
263939
271695
271701
271739
271753
271783
271793
271804
271838
271914
272010
272009
272048
272054
272089
272152
272169
272180
272193
272199
272297
272333
272345
272384
272574
272587
290296
290361
290385
290457
290540
290554
290551
290594
290638
290719
290728
290730
290753
290756
290818
290840
291029
291107
291169
291173
296216
296360
296404
296489
296505
296544
296552
296616
296610
296626
296661
296674
296723
296744
296752
296859
297048
297090
297138
321504
321516
321578
321610
321639
321826
321838
321878
321918
321936
321935
322121
322230
322278
322326
322383
322388
322386
323471
323542
323565
323615
323654
323924
324031
324084
324202
324223
378894
378989
379027
379034
379106
379172
379181
379250
379349
379389
379483
379510
379561
379624
379635
379750
379812
379817
383804
383866
383890
383898
383906
384009
384018
384017
384033
384074
384139
384152
384175
384230
384209
384271
384412
384423
384575
384625
384671
384688
384716
384721
391625
391740
391757
391800
391963
392048
392108
392117
392129
392154
392284
392296
392325
392381
532317
532457
532480
532505
532561
532600
532620
532644
532916
532931
532988
533032
533068
533165
533196
533224
533268
533285
533386
533359
533441
533469
533475
533507
533574
533596
533583
533628
533680
533687
533720
566865
566956
567012
567092
567166
567143
567294
567339
567432
567457
567447
567441
567509
567557
567600
567657
567713
567702
567737
602948
602977
603004
603049
603207
603265
603279
603383
603423
603468
603464
603512
603522
603535
603575
603604
603655
8059
8084
8119
8351
8577
8711
8759
14762
14769
14816
14809
14828
14847
14946
15011
15091
15085
15054
15140
15244
15255
15284
15294
15342
15368
15503
270052
270043
270101
270127
270163
270261
270527
270531
270682
270729
270731
270778
270776
270825
273667
273695
273716
273793
273913
273927
273982
274071
274188
274246
274236
274253
274389
274418
274495
361489
361484
361584
361594
361686
361690
361780
361800
361917
361938
362038
370069
370151
370158
370283
370269
370332
370441
370456
370501
370489
370508
370524
370544
370606
370714
370756
370796
370864
370884
370894
370928
370921
370957
371009
372027
372263
372238
372294
372361
372378
372522
372570
372656
372736
372866
372879
372940
372958
372973
423634
423628
423652
423653
423752
423766
423834
423897
424052
424048
424059
424096
424169
424188
424197
424193
424219
424259
424284
424417
424447
424476
424500
385743
385748
385877
385892
386037
386063
386112
386138
386136
386151
386153
386194
386307
386367
386500
386560
386592
386599
386651
386720
388777
389019
389039
389046
389068
389071
389054
410062
410153
410173
410163
410201
410304
410504
410533
410587
410607
410633
410670
410701
410816
410831
410848
411003
413969
414071
414107
414121
414167
414190
414230
414357
414410
414436
414441
414458
414492
414502
414626
414631
414647
414706
414707
414736
414804
414964
415020
415059
415060
415097
415185
415230
415246
415435
415463
415509
415561
415648
415721
415796
415897
415936
416011
416091
416088
416185
416523
416524
416530
416500
416730
416731
416862
416870
437307
437352
437325
437356
437422
437453
437491
437525
437566
437608
437657
437680
437734
437776
437785
437813
437931
437947
437956
437993
437988
438001
438052
438111
438156
438171
438338
438471
438521
438555
438707
438718
441238
441285
441314
441336
441341
441412
441419
441488
441582
441760
441779
441801
441839
441916
441933
441939
441959
441958
442039
442093
442165
450109
450147
450192
450248
450256
450327
450355
450499
449107
449254
449265
449438
449630
449652
449651
449667
449776
449793
449802
449824
449876
449903
449981
450001
450005
450029
453824
453875
453915
453980
454006
454083
454087
454121
454139
454152
454219
454236
454273
454440
454453
454467
454529
454538
454547
454614
454657
454728
466522
466570
466583
466610
466626
466637
466656
466785
466779
466844
466841
466868
466909
466944
466954
466992
467065
467055
467143
467146
467175
467204
467197
467326
468475
468491
468545
468564
468593
468624
468674
468707
468726
468751
468764
468780
468840
468857
468851
468943
475345
475426
475517
475553
475595
475618
475670
475708
475807
475830
475908
475943
475964
476009
476032
476062
476130
476208
476224
478341
478390
478404
478421
478438
478575
478646
478671
478685
478703
478765
478823
478846
478958
479005
479142
479188
491877
491949
492079
492305
492338
492373
492478
492501
492556
492582
492683
492689
492740
492726
492758
495702
495701
495743
495756
495752
495794
495818
495854
495871
495900
495915
496007
496049
496079
496106
496115
496147
536670
536711
536763
536901
536964
536990
537025
537215
537261
537336
537366
537394
537398
537425
537426
537437
537485
537526
538648
538783
538872
538956
539006
539116
539178
539226
539292
539305
539312
539323
539368
539428
539445
539489
539585
539597
24506
24554
24586
24792
24831
24907
24916
24903
24958
24988
25011
25021
25036
25067
25156
25162
25231
25226
25251
25381
25594
25652
25678
25737
25970
25976
26042
26047
26076
26112
26436
26433
61402
61432
61485
61541
61581
61585
61587
61656
61715
61742
61730
61769
61966
62007
62056
62046
62061
62117
62125
62135
62271
62384
62385
62405
62425
62490
62581
62620
62645
62730
62743
62797
62932
63049
63047
63192
63242
63249
63300
63381
63473
63568
63574
63708
63716
63728
63752
63777
63798
64006
64052
64053
64089
64105
64126
64209
64242
75080
75167
75176
75249
75381
75409
75429
75534
66266
66530
66556
66600
66625
66627
66683
66709
66719
66778
66836
66865
66890
66883
66893
66898
67004
67019
67053
67183
70178
70265
70376
70397
70472
70508
70541
70649
70680
70729
70828
70854
71054
71122
75576
75584
75652
75801
75895
75949
75970
75976
76002
76026
76035
76045
76071
76084
76086
76292
76334
76403
76499
76527
76564
76605
76726
76752
76747
76808
76846
76905
76960
76973
84013
84152
84209
84223
84330
84355
84415
84439
84441
84463
84554
84674
84720
84805
84869
84866
86854
86908
87003
86992
87056
87051
87109
87230
87292
87373
87426
87671
87756
84894
84910
85024
85129
85133
85134
85190
85207
85204
85250
85249
85278
85378
85466
128609
128617
128633
128704
128755
128754
128751
89857
89956
89973
89979
90019
90107
90177
90249
90246
90303
90418
90453
90485
90490
90502
90506
90512
99379
99430
99437
99626
99688
99725
99808
99826
99907
99931
99968
99984
100123
95461
95493
95500
95536
95626
95633
95687
95716
95789
95838
95834
95873
95921
95926
95951
95986
95999
96157
96175
96180
96192
96191
96394
96500
96526
96565
96621
96645
96679
96700
96765
96798
96802
96768
96852
96848
96886
96895
102348
102360
102474
102472
102508
102526
102535
102578
102819
102822
102824
102872
102880
102883
102895
103092
103149
103169
103202
103267
120092
120113
120139
120149
120151
120197
120387
120400
120402
120531
120577
120559
120719
106768
106769
106884
106927
107010
107088
107114
107128
107208
107237
107405
107474
107646
107728
107714
107769
107811
107867
107939
108015
108029
108092
108106
108127
108184
109188
109192
109369
109430
109450
109507
109580
109649
109665
109810
109824
109909
109967
110003
110026
110054
112149
112220
112234
112291
112324
112377
112382
112423
112427
112511
112603
129175
129265
129284
129313
129344
129379
129405
129429
129442
129504
129537
132611
132696
132754
132833
132945
132978
133135
133158
133161
133194
133197
133303
133413
133478
134503
134535
134562
134645
134680
134700
134702
134861
134921
134996
134990
135045
135047
135069
135068
135090
135210
135380
135397
136537
136582
136649
136706
136787
136807
136843
136854
136867
136901
136963
136962
137044
137144
137194
137195
137206
137286
137311
137330
137368
137372
137484
137489
137498
137494
137534
137596
137621
137673
137723
137889
137948
137963
138039
138031
138187
138240
138315
85877
85906
85925
86015
85995
86042
86198
86217
86311
86341
86410
86493
86624
86716
86729
86805
86824
86818
91543
91587
91638
91708
91721
91806
91868
91971
92035
92065
92112
92259
92312
92317
92405
92487
92498
343844
343969
344011
344024
344054
344110
344127
344195
344209
344237
344278
344309
344295
344411
344424
344432
344516
344563
344560
344658
344671
344710
344730
344750
515167
515230
515227
515381
515414
515440
515564
515612
515648
515692
515689
515735
515743
515766
515800
515829
515905
515922
516002
516044
516055
516062
349710
349718
349728
349758
349829
349848
349926
349977
349978
349986
349998
349994
350046
350126
350090
350225
350269
350340
350362
350397
350443
350469
350470
350539
350573
350652
350707
350842
350875
350880
350960
350971
350983
351039
351092
351153
351162
351245
351271
351277
351335
351374
351384
351398
351455
351479
351616
373981
373995
374128
374214
374304
374330
374331
374358
374399
374496
374509
374524
374502
374566
374669
374671
374747
374851
374863
374930
376963
376994
377139
377248
377366
377417
377428
377452
377469
377487
377587
377615
377677
377662
377673
377727
377807
377860
377881
394469
394452
394483
394491
394571
394584
394640
394645
394652
394728
394788
394789
394813
394957
395006
395034
395064
395063
395115
395127
395164
395261
395294
408152
408184
408185
408186
408199
408224
408246
408337
408370
408497
397325
397349
397380
397480
397521
397585
397659
397662
397684
397816
397851
397868
398003
398026
398165
398168
398191
398201
398225
398272
399293
399319
399374
399386
399451
399469
399483
399486
399517
399578
399591
399621
399607
399753
399734
401287
401309
401326
401339
401360
401371
401439
401440
401593
401601
401618
401650
401657
401713
401782
401829
401865
401971
402018
402034
402097
402140
402146
402175
404200
404291
404318
404343
404445
404455
404517
404527
404539
404632
404697
404805
404776
404838
404937
405015
405139
432443
432429
432471
432512
432545
432810
432798
432944
433043
433029
433058
432986
433092
433124
433131
433141
433192
433338
434466
434465
434580
434595
434596
434756
434795
434822
434922
435001
435022
435072
435093
435188
435208
435244
435264
435280
435298
435355
435475
435506
435527
435564
435606
435648
435672
435669
435692
435708
435815
435853
435850
435849
435894
435907
436022
436046
436145
436208
436274
445160
445261
445313
445330
445333
445443
445458
445535
445544
445537
445594
445615
445648
445666
445683
445733
445771
445916
446019
446079
446099
553380
553388
553424
553438
553439
553467
553480
553525
553700
553899
553917
553962
553943
553990
554037
554055
554078
555285
555405
555426
555483
555574
555591
555648
555677
555684
555885
555881
555942
555951
555954
556013
556047
572861
572888
572933
573075
573106
573121
573175
573208
573403
573450
584335
584355
584412
584407
584453
584507
584541
584559
584580
584604
584725
584744
584770
584803
584808
584870
584905
584900
584947
585047
585081
585160
585237
585242
592732
592768
592818
592850
592887
592925
593008
593009
593045
597045
597089
597105
597145
597173
597243
597347
597520
597549
597548
597614
597676
597784
597861
597903
597899
597910
597933
285945
285959
285995
286011
286166
286159
286193
286153
286275
286364
286337
295206
295314
295378
295403
295394
295434
295469
295509
295506
295638
295685
295743
295754
295761
295821
295840
295849
295877
295908
295927
295948
296001
295996
353598
353616
353681
353694
353772
353794
353812
353899
353936
353951
353955
353993
353985
354004
354012
354036
354045
354123
354148
354178
354318
354365
354368
354492
354561
365170
365489
365561
365733
365751
365915
356609
356756
356855
356873
356901
357016
357030
357051
357131
357357
357370
357397
357441
357460
357461
357468
357500
367122
367133
367142
367221
367271
367267
367487
367583
367593
367655
367665
367746
367747
367740
367760
367817
367837
367868
367885
367963
368045
399881
400032
400060
400102
400106
400109
400172
400234
402274
402306
402336
402393
402431
402493
402598
402625
402645
402669
402689
402848
402835
402864
402928
402979
403051
403063
403072
403089
403140
403145
427499
427508
427510
427680
427691
427700
427738
427757
427850
427899
427909
427930
427961
428006
428037
428064
428072
428080
428127
428154
428179
428182
428289
428322
428377
428587
428578
428796
428839
428883
428904
428898
429035
429100
429110
429197
429239
429297
429303
429294
429376
429383
430498
430576
430585
430696
430700
430728
430808
430812
430860
430877
430889
430917
430918
430934
431072
431081
431084
431093
431168
431227
431281
431325
431341
431403
492923
492969
492963
493027
493033
493077
493086
493195
493230
493253
493264
493259
493310
493339
493378
493446
493462
493490
493561
493578
493678
493711
493732
500670
500696
500719
500760
500923
500953
501014
501076
520056
520078
520174
520310
520407
520398
520631
520670
520744
520778
520791
520784
520807
520845
520881
520910
520905
520934
520925
539620
539627
539639
539809
539821
539826
539880
539965
540047
540090
551175
551229
551532
551550
551635
551645
551758
551803
551891
551918
551914
551926
552061
552123
552118
552148
557065
557096
557102
557178
557266
557282
557327
557426
557448
557479
557478
557470
557520
557610
557658
557717
557791
557801
557848
557861
557916
557963
557977
557983
558075
558113
558211
558331
558384
558412
558423
558429
558445
558475
562460
562487
562502
562506
562659
562744
562831
562846
562909
565880
565922
565936
566007
566078
566069
566143
566161
566194
566211
566330
566498
566539
566625
566658
566644
566665
566690
566700
566696
566736
566739
566839
577942
577997
578034
578045
578207
578210
578216
578297
578376
579445
579504
579536
579702
579762
579845
579848
579960
579964
579970
579967
580058
580100
580228
580251
582385
582423
582446
582460
582482
582503
582581
582598
582693
582694
582775
582737
582833
582837
582893
582961
583236
583299
592251
592264
592299
592490
592529
592590
592616
601945
602019
602186
602265
602338
602467
602491
602543
602647
602652
602716
602723
602741
3018
3137
3258
3386
3445
3487
3623
3768
3821
3873
5887
6074
6088
6172
6192
6237
6314
6302
6369
6431
6480
6508
6642
6725
6772
6771
6814
6830
6851
6857
12857
12973
13076
13103
13095
13134
13162
13234
13389
13462
13553
13550
13548
13773
13832
13856
13892
13907
13899
13943
13974
14054
14086
14090
14178
14189
14294
14359
14387
16686
16721
17007
17010
17079
17096
17145
17210
17323
17318
17407
17444
17531
17548
17585
17568
19693
19782
19861
19884
19899
19940
19972
19990
20080
20085
20077
17764
17821
17850
17888
17898
18037
18145
18146
18170
18160
18180
18198
18402
18401
18435
18485
18468
18498
18537
18569
18592
18597
22613
22679
22723
22735
22801
22814
22842
22930
22938
22942
23017
23076
23153
23175
23212
23267
23287
23290
23348
23382
23406
23469
18631
18633
18771
18808
18908
18929
19034
19038
19043
19054
19111
19113
19184
19190
19260
19261
19311
19337
19568
20176
20189
20235
20259
20300
20298
20336
20370
20374
20378
20385
20413
20459
26608
26616
26628
26656
26863
26856
26906
26912
26945
26978
27003
27004
27016
27075
27278
27313
23536
23555
23575
23766
23867
23877
23919
24039
24091
24132
24135
24149
24208
24249
24310
24359
24484
29453
29493
29552
29790
29807
29944
29970
29963
30078
30115
30132
30145
67235
67347
67390
67402
67454
67482
67624
67645
67742
67850
67857
67954
67961
68019
68033
68056
68072
68088
68200
68228
68254
68335
68391
68472
68480
68482
68497
68523
68550
68564
68594
68650
68709
68761
68784
68795
68896
69002
69067
69092
69123
69133
80078
80127
80172
80203
80214
80234
80253
80306
80300
80359
80488
80540
80550
80589
80593
80663
80743
80736
80770
80783
80791
80850
80867
80883
80903
87845
87861
87830
87877
87909
87973
87971
88016
88180
88217
88266
88263
103301
103406
103510
103519
103588
103606
103634
103644
103691
103771
103882
103971
104045
104063
104119
104132
104140
104158
104183
104265
104267
108289
108415
108418
108433
108522
108590
108604
108713
108797
108921
109059
140927
140954
140965
141048
141104
141208
141284
141407
141403
141424
141432
141500
141573
141607
141635
141712
141719
141693
141744
141741
141814
141819
141835
141862
141882
142000
142076
142124
142205
142308
142337
142547
142596
142630
142670
142704
142729
142761
142763
142789
142878
142857
142890
142938
142965
143047
143095
143099
143110
143141
143156
143170
143226
612539
612613
612580
612645
612633
612690
612691
48418
48431
48439
48445
48525
48545
48521
48771
156851
156893
156911
156943
156952
156984
156991
157051
157150
157181
157238
157291
157423
157450
157502
157542
157561
157609
157637
157691
157696
157778
185521
185551
185561
185625
185695
185690
185741
185774
185792
185824
185839
185876
185941
185933
185942
185966
185958
185976
206620
206654
206674
206895
206896
206924
206989
207026
207048
207090
207120
207194
207302
207337
207415
207428
207438
346291
346324
346339
346357
346420
346471
346665
346678
482183
482333
482374
482390
482422
482442
482465
482503
482528
482742
482803
482846
482858
482852
482866
482869
482851
482879
482887
482896
482912
482915
482918
482940
379991
379989
380030
380058
380078
380089
380228
380299
380292
380396
380423
380533
380577
380652
380685
380666
380696
380691
380770
380776
380818
381856
381888
381925
381922
382122
382142
382171
382216
382228
382261
382244
382277
382365
382377
382521
382511
382536
382594
382590
382626
382667
382796
386795
386890
387166
387221
387242
387280
387306
387301
387380
387639
389175
389208
389312
389337
389352
389373
389461
389488
389518
389554
390708
390859
390998
391100
391122
391134
391152
391168
391199
391204
391217
391222
391299
391433
391514
391566
391579
391617
407179
407246
407255
407310
407334
407351
407367
407373
407404
407464
407539
407558
407590
407612
407651
407936
407997
451128
451138
451150
451158
451163
451167
451171
451243
451283
451322
451351
451374
451376
451506
451573
451602
451631
451644
451690
451711
451746
451773
451797
451792
451830
451943
454741
454752
454757
454775
454870
454935
455013
455023
455070
455183
455218
455258
455349
455393
455414
455480
455714
525913
526102
526206
526220
526263
526414
526428
526561
526636
526733
526718
526757
526801
529864
529896
529902
529923
530021
530204
530377
530391
530426
530559
530625
530744
530768
550218
550252
550319
550427
550432
550425
550451
550462
550486
550587
550599
550565
550622
550642
550687
550768
550967
551041
551091
551159
551160
559096
559109
559120
559163
559162
559188
559199
559190
559224
559279
559373
559504
559550
559602
559669
559712
559717
559866
559854
559950
559987
562945
562953
563013
563031
563057
563059
563201
563207
563333
563373
563418
563414
568814
568987
569021
569112
569142
569165
569356
569417
569469
569490
569528
569648
569685
569720
569767
569835
569852
570002
569988
570038
570089
570172
570174
570272
570309
570396
570418
570426
570439
570467
570595
570745
570769
