(36, 1, 1)
(653, 2, 1)
(4986, 11, 1)
(5234, 11, 1)
(60782, 125, 1)
(60911, 126, 1)
(61181, 126, 1)
(64783, 134, 1)
(65077, 134, 1)
(78961, 162, 1)
(79060, 163, 1)
(79549, 164, 1)
(79534, 164, 1)
(79903, 164, 1)
(93392, 192, 1)
(97613, 201, 1)
(98080, 202, 1)
(98164, 202, 1)
(104865, 216, 1)
(111663, 230, 1)
(111795, 230, 1)
(112002, 230, 1)
(112752, 232, 1)
(112932, 232, 1)
(139495, 287, 1)
(139589, 287, 1)
(139585, 287, 1)
(139743, 287, 1)
(231879, 477, 1)
(232039, 477, 1)
(232357, 477, 1)
(3998, 9, 1)
(4517, 10, 1)
(4665, 10, 1)
(4708, 10, 1)
(22032, 45, 1)
(22368, 46, 1)
(114369, 235, 1)
(114733, 236, 1)
(220154, 453, 1)
(220258, 453, 1)
(220280, 453, 1)
(220345, 453, 1)
(220994, 454, 1)
(116204, 239, 1)
(116408, 239, 1)
(116775, 240, 1)
(117264, 241, 1)
(117353, 241, 1)
(117431, 241, 1)
(125840, 259, 1)
(127720, 263, 1)
(128286, 264, 1)
(128365, 264, 1)
(128399, 264, 1)
(128473, 264, 1)
(129726, 267, 1)
(145409, 299, 1)
(146429, 301, 1)
(146684, 301, 1)
(146691, 301, 1)
(146711, 302, 1)
(147089, 302, 1)
(147285, 303, 1)
(147301, 303, 1)
(147344, 303, 1)
(147580, 303, 1)
(147762, 304, 1)
(149581, 307, 1)
(149960, 308, 1)
(241397, 496, 1)
(9813, 21, 1)
(10109, 21, 1)
(10189, 21, 1)
(10418, 22, 1)
(12103, 25, 1)
(12422, 26, 1)
(35656, 74, 1)
(35908, 74, 1)
(53059, 109, 1)
(53129, 109, 1)
(53531, 110, 1)
(53602, 110, 1)
(43060, 89, 1)
(43392, 89, 1)
(154976, 319, 1)
(155301, 319, 1)
(155576, 320, 1)
(69473, 143, 1)
(69729, 144, 1)
(69780, 144, 1)
(72310, 149, 1)
(72377, 149, 1)
(72634, 150, 1)
(72731, 150, 1)
(72878, 150, 1)
(72963, 150, 1)
(252766, 520, 1)
(252972, 520, 1)
(343537, 706, 1)
(460956, 947, 1)
(409046, 840, 1)
(411454, 845, 1)
(411635, 846, 1)
(411689, 846, 1)
(447424, 919, 1)
(447762, 920, 1)
(447841, 920, 1)
(452189, 929, 1)
(452480, 929, 1)
(44616, 92, 1)
(44628, 92, 1)
(172661, 355, 1)
(50684, 104, 1)
(57958, 119, 1)
(58194, 120, 1)
(58565, 120, 1)
(55161, 113, 1)
(55461, 114, 1)
(55564, 114, 1)
(55648, 114, 1)
(151128, 311, 1)
(151318, 311, 1)
(151332, 311, 1)
(151396, 311, 1)
(55992, 115, 1)
(56026, 115, 1)
(56077, 115, 1)
(56147, 115, 1)
(56431, 116, 1)
(163778, 337, 1)
(164399, 338, 1)
(170598, 351, 1)
(174452, 359, 1)
(174874, 359, 1)
(183742, 378, 1)
(183948, 378, 1)
(183983, 378, 1)
(192911, 397, 1)
(192945, 397, 1)
(193309, 397, 1)
(288468, 593, 1)
(105808, 218, 1)
(105861, 218, 1)
(106019, 218, 1)
(122733, 253, 1)
(122755, 253, 1)
(123204, 254, 1)
(123341, 254, 1)
(123400, 254, 1)
(123483, 254, 1)
(123550, 254, 1)
(124175, 256, 1)
(124218, 256, 1)
(124645, 256, 1)
(127059, 261, 1)
(127565, 262, 1)
(131674, 271, 1)
(131964, 271, 1)
(132226, 272, 1)
(150812, 310, 1)
(150838, 310, 1)
(150890, 310, 1)
(211371, 435, 1)
(211426, 435, 1)
(211670, 435, 1)
(211704, 435, 1)
(211871, 436, 1)
(212087, 436, 1)
(213177, 438, 1)
(213223, 438, 1)
(215478, 443, 1)
(215746, 444, 1)
(215931, 444, 1)
(216010, 444, 1)
(234407, 482, 1)
(235949, 485, 1)
(236514, 486, 1)
(236628, 486, 1)
(238360, 490, 1)
(239950, 493, 1)
(240014, 493, 1)
(240127, 493, 1)
(120864, 249, 1)
(121321, 250, 1)
(124899, 257, 1)
(124896, 257, 1)
(125075, 257, 1)
(125443, 258, 1)
(180085, 370, 1)
(180099, 370, 1)
(183350, 377, 1)
(183440, 377, 1)
(218392, 449, 1)
(218426, 449, 1)
(218663, 450, 1)
(325498, 669, 1)
(325908, 670, 1)
(333095, 685, 1)
(333445, 685, 1)
(333908, 686, 1)
(335979, 691, 1)
(336159, 691, 1)
(336255, 691, 1)
(336248, 691, 1)
(336297, 691, 1)
(344901, 709, 1)
(345026, 709, 1)
(337034, 693, 1)
(337172, 693, 1)
(337566, 694, 1)
(337706, 694, 1)
(338129, 695, 1)
(338135, 695, 1)
(338832, 696, 1)
(440340, 905, 1)
(440552, 905, 1)
(446818, 918, 1)
(447022, 918, 1)
(528544, 1086, 1)
(529043, 1087, 1)
(529071, 1087, 1)
(529652, 1088, 1)
(192083, 395, 1)
(192503, 396, 1)
(192622, 396, 1)
(192640, 396, 1)
(192711, 396, 1)
(242014, 498, 1)
(242438, 498, 1)
(247668, 509, 1)
(248217, 510, 1)
(255274, 525, 1)
(255644, 525, 1)
(255747, 526, 1)
(255755, 526, 1)
(299729, 616, 1)
(299908, 616, 1)
(299989, 616, 1)
(300114, 617, 1)
(300181, 617, 1)
(300275, 617, 1)
(300758, 618, 1)
(300863, 618, 1)
(484015, 995, 1)
(484562, 996, 1)
(484720, 996, 1)
(489009, 1005, 1)
(489064, 1005, 1)
(489405, 1006, 1)
(496523, 1020, 1)
(519071, 1067, 1)
(519288, 1067, 1)
(519615, 1068, 1)
(505113, 1038, 1)
(505429, 1038, 1)
(598243, 1229, 1)
(598721, 1230, 1)
(599400, 1231, 1)
(599414, 1231, 1)
(599610, 1232, 1)
(599622, 1232, 1)
(599695, 1232, 1)
(599883, 1232, 1)
(256879, 528, 1)
(258494, 531, 1)
(462878, 951, 1)
(462995, 951, 1)
(463146, 952, 1)
(463514, 952, 1)
(479354, 985, 1)
(479779, 986, 1)
(479855, 986, 1)
(565076, 1161, 1)
(565655, 1162, 1)
(567940, 1167, 1)
(568781, 1168, 1)
(309369, 636, 1)
(309685, 636, 1)
(315894, 649, 1)
(316213, 650, 1)
(316316, 650, 1)
(316544, 650, 1)
(310079, 637, 1)
(310318, 638, 1)
(310340, 638, 1)
(324418, 667, 1)
(324822, 667, 1)
(325257, 668, 1)
(329447, 677, 1)
(330199, 678, 1)
(342983, 705, 1)
(388236, 798, 1)
(388254, 798, 1)
(388661, 798, 1)
(389890, 801, 1)
(456060, 937, 1)
(459763, 945, 1)
(460312, 946, 1)
(540675, 1111, 1)
(540876, 1111, 1)
(540862, 1111, 1)
(540941, 1111, 1)
(541135, 1112, 1)
(541158, 1112, 1)
(541562, 1112, 1)
(546381, 1123, 1)
(575911, 1183, 1)
(576060, 1184, 1)
(576346, 1184, 1)
(576385, 1184, 1)
(577798, 1187, 1)
(601548, 1236, 1)
(601549, 1236, 1)
(601656, 1236, 1)
(601926, 1236, 1)
(15841, 33, 1)
(16648, 34, 1)
(82791, 170, 1)
(82892, 170, 1)
(83591, 172, 1)
(88955, 183, 1)
(89226, 183, 1)
(89559, 184, 1)
(91458, 188, 1)
(230122, 473, 1)
(230346, 473, 1)
(230393, 473, 1)
(230885, 474, 1)
(195542, 402, 1)
(204835, 421, 1)
(205159, 422, 1)
(205323, 422, 1)
(221115, 455, 1)
(221279, 455, 1)
(221406, 455, 1)
(221928, 456, 1)
(229435, 472, 1)
(229452, 472, 1)
(229463, 472, 1)
(297994, 612, 1)
(299096, 614, 1)
(604776, 1243, 1)
(605009, 1243, 1)
(605331, 1244, 1)
(610594, 1255, 1)
(610757, 1255, 1)
(610822, 1255, 1)
(611415, 1256, 1)
(611449, 1256, 1)
(547430, 1125, 1)
(547622, 1125, 1)
(548187, 1126, 1)
(30348, 63, 1)
(59615, 123, 1)
(59723, 123, 1)
(59838, 123, 1)
(32502, 67, 1)
(32549, 67, 1)
(32735, 68, 1)
(32957, 68, 1)
(161595, 332, 1)
(161642, 332, 1)
(169257, 348, 1)
(169464, 348, 1)
(166245, 342, 1)
(176458, 363, 1)
(176974, 364, 1)
(241528, 497, 1)
(210833, 433, 1)
(257271, 529, 1)
(257282, 529, 1)
(257483, 529, 1)
(257978, 530, 1)
(219826, 452, 1)
(228053, 469, 1)
(228253, 469, 1)
(228322, 469, 1)
(294929, 606, 1)
(301467, 619, 1)
(606187, 1246, 1)
(606959, 1247, 1)
(608039, 1249, 1)
(608558, 1250, 1)
(609339, 1252, 1)
(609459, 1252, 1)
(28421, 59, 1)
(28731, 59, 1)
(39177, 81, 1)
(39388, 81, 1)
(39891, 82, 1)
(42002, 87, 1)
(42092, 87, 1)
(51979, 107, 1)
(51982, 107, 1)
(52111, 107, 1)
(186213, 383, 1)
(186326, 383, 1)
(186468, 383, 1)
(186663, 384, 1)
(186678, 384, 1)
(186951, 384, 1)
(304270, 625, 1)
(304391, 626, 1)
(304750, 626, 1)
(311987, 641, 1)
(311999, 641, 1)
(330507, 679, 1)
(330838, 680, 1)
(331231, 680, 1)
(398940, 820, 1)
(399255, 820, 1)
(399259, 820, 1)
(400274, 823, 1)
(400383, 823, 1)
(400687, 823, 1)
(400899, 824, 1)
(487965, 1003, 1)
(488030, 1003, 1)
(488768, 1004, 1)
(41462, 86, 1)
(41720, 86, 1)
(47604, 98, 1)
(47664, 98, 1)
(98441, 203, 1)
(99034, 204, 1)
(100381, 207, 1)
(100489, 207, 1)
(100622, 207, 1)
(100751, 207, 1)
(100912, 208, 1)
(101282, 208, 1)
(439249, 902, 1)
(439426, 903, 1)
(439628, 903, 1)
(439831, 904, 1)
(439955, 904, 1)
(442806, 910, 1)
(442851, 910, 1)
(443589, 911, 1)
(443627, 911, 1)
(443720, 912, 1)
(494403, 1016, 1)
(505587, 1039, 1)
(505816, 1039, 1)
(506006, 1040, 1)
(511598, 1051, 1)
(511634, 1051, 1)
(511645, 1051, 1)
(511813, 1051, 1)
(512472, 1053, 1)
(512804, 1053, 1)
(512904, 1054, 1)
(587891, 1208, 1)
(587900, 1208, 1)
(595307, 1223, 1)
(595442, 1223, 1)
(595557, 1223, 1)
(595743, 1224, 1)
(53915, 111, 1)
(54115, 111, 1)
(54570, 112, 1)
(208486, 428, 1)
(291530, 599, 1)
(291791, 600, 1)
(292173, 600, 1)
(209944, 431, 1)
(210128, 432, 1)
(305025, 627, 1)
(305294, 628, 1)
(322437, 663, 1)
(359533, 739, 1)
(359630, 739, 1)
(359866, 739, 1)
(360028, 740, 1)
(360070, 740, 1)
(346776, 713, 1)
(346901, 713, 1)
(347249, 714, 1)
(347507, 714, 1)
(347581, 714, 1)
(347993, 715, 1)
(348245, 716, 1)
(348373, 716, 1)
(403408, 829, 1)
(403488, 829, 1)
(403629, 829, 1)
(403726, 830, 1)
(405354, 833, 1)
(405388, 833, 1)
(405607, 833, 1)
(427276, 878, 1)
(427373, 878, 1)
(427423, 878, 1)
(427430, 878, 1)
(522296, 1073, 1)
(527260, 1083, 1)
(118944, 244, 1)
(119425, 245, 1)
(287446, 591, 1)
(326482, 671, 1)
(326492, 671, 1)
(326572, 671, 1)
(326578, 671, 1)
(327212, 672, 1)
(383024, 787, 1)
(382999, 787, 1)
(383078, 787, 1)
(383356, 788, 1)
(383387, 788, 1)
(383479, 788, 1)
(383559, 788, 1)
(331550, 681, 1)
(331648, 681, 1)
(331760, 682, 1)
(331878, 682, 1)
(331912, 682, 1)
(331933, 682, 1)
(396681, 815, 1)
(397116, 816, 1)
(397263, 816, 1)
(397285, 816, 1)
(334022, 687, 1)
(334162, 687, 1)
(334232, 687, 1)
(334256, 687, 1)
(334394, 687, 1)
(334705, 688, 1)
(334835, 688, 1)
(342050, 703, 1)
(342100, 703, 1)
(342620, 704, 1)
(341093, 701, 1)
(341143, 701, 1)
(341322, 701, 1)
(341454, 702, 1)
(341509, 702, 1)
(501896, 1031, 1)
(502449, 1032, 1)
(502495, 1032, 1)
(373678, 768, 1)
(381059, 783, 1)
(381136, 783, 1)
(381180, 783, 1)
(385193, 791, 1)
(385266, 792, 1)
(431512, 887, 1)
(432329, 888, 1)
(433482, 891, 1)
(433562, 891, 1)
(498348, 1024, 1)
(540165, 1110, 1)
(554318, 1139, 1)
(554752, 1140, 1)
(151523, 312, 1)
(151605, 312, 1)
(151621, 312, 1)
(153697, 316, 1)
(182124, 375, 1)
(182881, 376, 1)
(203112, 417, 1)
(332593, 684, 1)
(332753, 684, 1)
(409069, 841, 1)
(409719, 842, 1)
(409835, 842, 1)
(352989, 725, 1)
(352982, 725, 1)
(353391, 726, 1)
(357617, 735, 1)
(358122, 736, 1)
(362857, 746, 1)
(422214, 867, 1)
(424780, 873, 1)
(425376, 874, 1)
(448577, 922, 1)
(448593, 922, 1)
(458683, 943, 1)
(458890, 943, 1)
(459172, 944, 1)
(459204, 944, 1)
(516595, 1062, 1)
(516674, 1062, 1)
(516857, 1062, 1)
(532195, 1093, 1)
(523064, 1075, 1)
(523124, 1075, 1)
(523171, 1075, 1)
(523278, 1075, 1)
(523371, 1075, 1)
(184285, 379, 1)
(184506, 379, 1)
(246479, 507, 1)
(246921, 508, 1)
(267402, 549, 1)
(360685, 741, 1)
(361305, 742, 1)
(364445, 749, 1)
(368374, 757, 1)
(374975, 771, 1)
(375020, 771, 1)
(375172, 771, 1)
(375700, 772, 1)
(375800, 772, 1)
(375868, 772, 1)
(420442, 864, 1)
(420478, 864, 1)
(429802, 883, 1)
(430090, 884, 1)
(430283, 884, 1)
(444185, 913, 1)
(444532, 913, 1)
(444820, 914, 1)
(444895, 914, 1)
(461674, 949, 1)
(461851, 949, 1)
(464579, 955, 1)
(561804, 1154, 1)
(561911, 1154, 1)
(562276, 1155, 1)
(562310, 1155, 1)
(562423, 1155, 1)
(581545, 1195, 1)
(587213, 1206, 1)
(588617, 1209, 1)
(588726, 1210, 1)
(227565, 468, 1)
(235049, 483, 1)
(235108, 483, 1)
(228504, 470, 1)
(237741, 488, 1)
(477315, 981, 1)
(477459, 981, 1)
(477610, 981, 1)
(477982, 982, 1)
(483272, 993, 1)
(481182, 988, 1)
(481988, 990, 1)
(502613, 1033, 1)
(502671, 1033, 1)
(503233, 1034, 1)
(504004, 1035, 1)
(527499, 1084, 1)
(527518, 1084, 1)
(527643, 1084, 1)
(535236, 1100, 1)
(535348, 1100, 1)
(535412, 1100, 1)
(535538, 1100, 1)
(535979, 1101, 1)
(536152, 1101, 1)
(536297, 1102, 1)
(564111, 1159, 1)
(564377, 1159, 1)
(564658, 1160, 1)
(570862, 1173, 1)
(571520, 1174, 1)
(583378, 1199, 1)
(583759, 1199, 1)
(585864, 1204, 1)
(585973, 1204, 1)
(11132, 23, 1)
(11424, 24, 1)
(11652, 24, 1)
(20832, 43, 1)
(31359, 65, 1)
(31590, 65, 1)
(36424, 75, 1)
(37128, 77, 1)
(37532, 77, 1)
(159087, 327, 1)
(40391, 83, 1)
(40450, 83, 1)
(40496, 84, 1)
(40642, 84, 1)
(49265, 101, 1)
(49431, 102, 1)
(49778, 102, 1)
(51047, 105, 1)
(51060, 105, 1)
(51145, 105, 1)
(51256, 106, 1)
(152006, 313, 1)
(152128, 313, 1)
(152215, 313, 1)
(152525, 314, 1)
(152573, 314, 1)
(204069, 419, 1)
(174958, 360, 1)
(174960, 360, 1)
(175288, 360, 1)
(175887, 361, 1)
(176133, 362, 1)
(178859, 368, 1)
(194041, 399, 1)
(194379, 400, 1)
(243966, 502, 1)
(244222, 502, 1)
(256453, 527, 1)
(253426, 521, 1)
(253544, 521, 1)
(253713, 521, 1)
(268298, 551, 1)
(260221, 535, 1)
(260660, 536, 1)
(271219, 557, 1)
(271361, 557, 1)
(271520, 558, 1)
(289539, 595, 1)
(289632, 595, 1)
(289660, 595, 1)
(290205, 596, 1)
(518437, 1065, 1)
(518587, 1066, 1)
(519015, 1066, 1)
(519013, 1066, 1)
(530818, 1091, 1)
(531215, 1091, 1)
(33475, 69, 1)
(33530, 69, 1)
(33694, 70, 1)
(93634, 193, 1)
(93794, 193, 1)
(93843, 193, 1)
(94280, 194, 1)
(156653, 322, 1)
(169571, 349, 1)
(162342, 334, 1)
(197038, 405, 1)
(197121, 405, 1)
(200230, 412, 1)
(200880, 413, 1)
(201083, 413, 1)
(201124, 413, 1)
(201132, 413, 1)
(201651, 414, 1)
(275740, 567, 1)
(276035, 567, 1)
(280634, 577, 1)
(281831, 579, 1)
(282681, 581, 1)
(328408, 675, 1)
(329118, 676, 1)
(456838, 939, 1)
(457250, 940, 1)
(457504, 940, 1)
(473459, 973, 1)
(473786, 973, 1)
(474111, 974, 1)
(474153, 974, 1)
(474188, 974, 1)
(547145, 1124, 1)
(547242, 1124, 1)
(548707, 1127, 1)
(549003, 1128, 1)
(549187, 1128, 1)
(45127, 93, 1)
(45194, 93, 1)
(45248, 93, 1)
(58661, 121, 1)
(77216, 159, 1)
(77753, 160, 1)
(78014, 161, 1)
(78155, 161, 1)
(177496, 365, 1)
(181212, 373, 1)
(181262, 373, 1)
(181577, 373, 1)
(181625, 374, 1)
(181616, 374, 1)
(181906, 374, 1)
(205967, 423, 1)
(206090, 423, 1)
(206515, 424, 1)
(248420, 511, 1)
(248839, 512, 1)
(249038, 512, 1)
(249216, 512, 1)
(249286, 512, 1)
(223139, 459, 1)
(223802, 460, 1)
(233853, 481, 1)
(255155, 524, 1)
(265381, 545, 1)
(264517, 544, 1)
(266370, 547, 1)
(272771, 561, 1)
(273577, 562, 1)
(285831, 587, 1)
(283370, 582, 1)
(286834, 589, 1)
(286924, 590, 1)
(318234, 654, 1)
(320866, 659, 1)
(320949, 659, 1)
(320230, 658, 1)
(320371, 658, 1)
(395734, 813, 1)
(396081, 814, 1)
(417909, 859, 1)
(417925, 859, 1)
(418804, 860, 1)
(419899, 863, 1)
(425956, 875, 1)
(426155, 876, 1)
(426381, 876, 1)
(450730, 926, 1)
(457800, 941, 1)
(458050, 941, 1)
(458138, 941, 1)
(65853, 136, 1)
(73820, 152, 1)
(71256, 147, 1)
(74167, 153, 1)
(74441, 153, 1)
(74574, 153, 1)
(74679, 154, 1)
(110442, 227, 1)
(126216, 260, 1)
(214488, 441, 1)
(214723, 441, 1)
(214750, 442, 1)
(130804, 269, 1)
(130921, 269, 1)
(131137, 270, 1)
(131313, 270, 1)
(138566, 285, 1)
(138987, 286, 1)
(139267, 286, 1)
(139341, 286, 1)
(133663, 275, 1)
(134077, 276, 1)
(134159, 276, 1)
(143334, 295, 1)
(143371, 295, 1)
(143660, 295, 1)
(143688, 295, 1)
(136076, 280, 1)
(136182, 280, 1)
(144705, 297, 1)
(144937, 298, 1)
(144986, 298, 1)
(148756, 306, 1)
(222084, 457, 1)
(222578, 458, 1)
(222716, 458, 1)
(224460, 461, 1)
(224553, 462, 1)
(224788, 462, 1)
(225229, 463, 1)
(225284, 463, 1)
(225576, 464, 1)
(240598, 494, 1)
(240652, 494, 1)
(603806, 1241, 1)
(604475, 1242, 1)
(94906, 195, 1)
(95229, 196, 1)
(154106, 317, 1)
(154797, 318, 1)
(157962, 325, 1)
(158139, 325, 1)
(158334, 326, 1)
(161742, 333, 1)
(162068, 333, 1)
(162190, 333, 1)
(162925, 335, 1)
(162945, 335, 1)
(162958, 335, 1)
(163019, 335, 1)
(163224, 336, 1)
(164823, 339, 1)
(164852, 339, 1)
(164866, 339, 1)
(173437, 356, 1)
(174229, 358, 1)
(174218, 358, 1)
(174424, 358, 1)
(180428, 371, 1)
(180516, 371, 1)
(180690, 371, 1)
(189432, 389, 1)
(189814, 390, 1)
(191253, 393, 1)
(191476, 394, 1)
(191487, 394, 1)
(203431, 418, 1)
(278974, 573, 1)
(226123, 465, 1)
(226369, 465, 1)
(268491, 552, 1)
(268637, 552, 1)
(269451, 554, 1)
(269523, 554, 1)
(269754, 554, 1)
(288992, 594, 1)
(289109, 594, 1)
(292287, 601, 1)
(292471, 601, 1)
(292624, 601, 1)
(293202, 602, 1)
(508802, 1045, 1)
(509007, 1046, 1)
(509039, 1046, 1)
(159418, 328, 1)
(159568, 328, 1)
(188450, 387, 1)
(197901, 407, 1)
(198214, 407, 1)
(198232, 407, 1)
(198428, 408, 1)
(306294, 630, 1)
(339916, 699, 1)
(340110, 699, 1)
(340754, 700, 1)
(307741, 633, 1)
(308203, 633, 1)
(375988, 773, 1)
(376373, 773, 1)
(378019, 777, 1)
(378411, 778, 1)
(378798, 778, 1)
(390209, 802, 1)
(390610, 802, 1)
(393354, 808, 1)
(412175, 847, 1)
(412227, 847, 1)
(412961, 848, 1)
(422677, 869, 1)
(465520, 957, 1)
(465659, 957, 1)
(466115, 958, 1)
(498852, 1025, 1)
(499580, 1026, 1)
(541662, 1113, 1)
(541736, 1113, 1)
(541947, 1113, 1)
(541983, 1113, 1)
(542240, 1114, 1)
(549545, 1129, 1)
(549687, 1129, 1)
(549769, 1130, 1)
(549811, 1130, 1)
(550059, 1130, 1)
(552839, 1136, 1)
(552977, 1136, 1)
(578687, 1189, 1)
(578813, 1189, 1)
(580432, 1193, 1)
(580832, 1193, 1)
(599987, 1233, 1)
(600174, 1233, 1)
(600243, 1233, 1)
(201915, 415, 1)
(202127, 415, 1)
(202500, 416, 1)
(242546, 499, 1)
(242683, 499, 1)
(243153, 500, 1)
(259296, 533, 1)
(261127, 537, 1)
(261463, 537, 1)
(262171, 539, 1)
(262710, 540, 1)
(262699, 540, 1)
(279985, 575, 1)
(339189, 697, 1)
(339641, 698, 1)
(346107, 711, 1)
(355164, 730, 1)
(355363, 730, 1)
(351771, 723, 1)
(351974, 723, 1)
(352368, 724, 1)
(352418, 724, 1)
(352466, 724, 1)
(352507, 724, 1)
(355948, 731, 1)
(355989, 731, 1)
(356062, 732, 1)
(356471, 732, 1)
(366347, 753, 1)
(419205, 861, 1)
(419359, 862, 1)
(419688, 862, 1)
(501473, 1030, 1)
(501512, 1030, 1)
(511318, 1050, 1)
(510207, 1048, 1)
(510337, 1048, 1)
(531376, 1092, 1)
(543351, 1117, 1)
(543400, 1117, 1)
(543438, 1117, 1)
(544182, 1118, 1)
(533837, 1097, 1)
(534092, 1097, 1)
(534617, 1098, 1)
(538452, 1106, 1)
(244462, 503, 1)
(244616, 503, 1)
(249526, 513, 1)
(249558, 513, 1)
(249565, 513, 1)
(249686, 513, 1)
(250037, 514, 1)
(250127, 514, 1)
(274617, 565, 1)
(275347, 566, 1)
(275471, 566, 1)
(276923, 569, 1)
(277174, 570, 1)
(277275, 570, 1)
(277357, 570, 1)
(302001, 621, 1)
(302828, 622, 1)
(313657, 645, 1)
(314347, 646, 1)
(413500, 850, 1)
(417173, 857, 1)
(417311, 857, 1)
(417393, 857, 1)
(434055, 892, 1)
(434195, 892, 1)
(436313, 897, 1)
(436324, 897, 1)
(436453, 897, 1)
(436992, 898, 1)
(476513, 979, 1)
(477194, 980, 1)
(473276, 972, 1)
(485549, 998, 1)
(486187, 999, 1)
(486609, 1000, 1)
(486857, 1000, 1)
(490881, 1009, 1)
(491271, 1009, 1)
(491387, 1010, 1)
(494778, 1017, 1)
(494814, 1017, 1)
(495075, 1017, 1)
(496983, 1021, 1)
(497062, 1021, 1)
(497390, 1022, 1)
(545036, 1120, 1)
(545533, 1121, 1)
(545606, 1121, 1)
(545789, 1122, 1)
(546204, 1122, 1)
(596357, 1225, 1)
(596862, 1226, 1)
(303113, 623, 1)
(303176, 623, 1)
(303519, 624, 1)
(303557, 624, 1)
(307496, 632, 1)
(314827, 647, 1)
(315039, 647, 1)
(315317, 648, 1)
(318706, 655, 1)
(319219, 656, 1)
(319366, 656, 1)
(316944, 651, 1)
(316986, 651, 1)
(393789, 809, 1)
(394016, 810, 1)
(394332, 810, 1)
(398453, 819, 1)
(398465, 819, 1)
(398520, 819, 1)
(463590, 953, 1)
(464283, 954, 1)
(467812, 961, 1)
(467998, 962, 1)
(514222, 1057, 1)
(514335, 1057, 1)
(524124, 1077, 1)
(524717, 1078, 1)
(558785, 1148, 1)
(558966, 1148, 1)
(560209, 1151, 1)
(560285, 1151, 1)
(560779, 1152, 1)
(560863, 1152, 1)
(563491, 1158, 1)
(573660, 1179, 1)
(574190, 1180, 1)
(1013, 3, 1)
(2374, 5, 1)
(2884, 6, 1)
(27812, 57, 1)
(250772, 515, 1)
(267465, 550, 1)
(283459, 583, 1)
(335484, 690, 1)
(312848, 643, 1)
(312957, 643, 1)
(313005, 643, 1)
(313196, 644, 1)
(313362, 644, 1)
(327445, 673, 1)
(327479, 673, 1)
(327643, 673, 1)
(328056, 674, 1)
(349166, 717, 1)
(349304, 718, 1)
(363608, 747, 1)
(405802, 834, 1)
(406286, 835, 1)
(406387, 835, 1)
(406681, 836, 1)
(406821, 836, 1)
(407050, 836, 1)
(453094, 931, 1)
(474729, 975, 1)
(475005, 976, 1)
(475018, 976, 1)
(475042, 976, 1)
(475109, 976, 1)
(469611, 965, 1)
(470107, 966, 1)
(470890, 967, 1)
(471397, 969, 1)
(471422, 969, 1)
(471646, 969, 1)
(472104, 970, 1)
(489884, 1007, 1)
(490015, 1007, 1)
(490355, 1008, 1)
(490694, 1008, 1)
(507092, 1042, 1)
(507865, 1043, 1)
(508356, 1044, 1)
(513281, 1055, 1)
(513344, 1055, 1)
(513952, 1056, 1)
(517619, 1064, 1)
(517703, 1064, 1)
(517990, 1064, 1)
(525260, 1079, 1)
(7180, 15, 1)
(7227, 15, 1)
(7801, 16, 1)
(9242, 19, 1)
(9583, 20, 1)
(160331, 330, 1)
(160917, 331, 1)
(160927, 331, 1)
(161066, 331, 1)
(161114, 331, 1)
(208665, 429, 1)
(209346, 430, 1)
(209373, 430, 1)
(245515, 505, 1)
(245768, 505, 1)
(245860, 505, 1)
(213619, 439, 1)
(213795, 440, 1)
(214096, 440, 1)
(216250, 445, 1)
(216592, 445, 1)
(216629, 445, 1)
(216809, 446, 1)
(216852, 446, 1)
(263175, 541, 1)
(263296, 541, 1)
(263401, 541, 1)
(263697, 542, 1)
(271739, 559, 1)
(272054, 559, 1)
(291173, 598, 1)
(296216, 609, 1)
(296552, 609, 1)
(296610, 609, 1)
(296859, 610, 1)
(297090, 610, 1)
(321838, 661, 1)
(322386, 662, 1)
(324031, 666, 1)
(379034, 779, 1)
(383804, 789, 1)
(383890, 789, 1)
(384721, 790, 1)
(392381, 806, 1)
(532916, 1095, 1)
(532931, 1095, 1)
(533224, 1095, 1)
(533359, 1096, 1)
(533583, 1096, 1)
(567092, 1165, 1)
(567143, 1165, 1)
(567294, 1165, 1)
(567657, 1166, 1)
(567702, 1166, 1)
(8059, 17, 1)
(8577, 18, 1)
(8711, 18, 1)
(15011, 31, 1)
(15294, 32, 1)
(270101, 555, 1)
(270729, 556, 1)
(270776, 556, 1)
(361489, 743, 1)
(370283, 761, 1)
(370332, 761, 1)
(370456, 761, 1)
(370606, 762, 1)
(370884, 762, 1)
(371009, 762, 1)
(423628, 871, 1)
(424219, 872, 1)
(424500, 872, 1)
(385892, 793, 1)
(386138, 793, 1)
(386367, 794, 1)
(410173, 843, 1)
(410607, 844, 1)
(414502, 852, 1)
(414626, 852, 1)
(415246, 853, 1)
(416185, 855, 1)
(416524, 856, 1)
(416730, 856, 1)
(437608, 899, 1)
(437956, 900, 1)
(438338, 901, 1)
(438521, 901, 1)
(438718, 901, 1)
(441419, 907, 1)
(441839, 908, 1)
(450109, 925, 1)
(450256, 925, 1)
(449824, 924, 1)
(450029, 924, 1)
(453824, 933, 1)
(454083, 933, 1)
(454529, 934, 1)
(454538, 934, 1)
(454728, 934, 1)
(466992, 960, 1)
(467065, 960, 1)
(468726, 963, 1)
(468764, 963, 1)
(475426, 977, 1)
(475517, 977, 1)
(476208, 978, 1)
(478390, 983, 1)
(478438, 983, 1)
(478575, 983, 1)
(478646, 983, 1)
(478671, 983, 1)
(478703, 983, 1)
(479188, 984, 1)
(491949, 1011, 1)
(495701, 1019, 1)
(537426, 1104, 1)
(538872, 1107, 1)
(538956, 1107, 1)
(539116, 1108, 1)
(539305, 1108, 1)
(539489, 1108, 1)
(24958, 51, 1)
(25156, 52, 1)
(25381, 52, 1)
(25976, 54, 1)
(62581, 129, 1)
(63798, 131, 1)
(64209, 132, 1)
(64242, 132, 1)
(75080, 155, 1)
(66709, 137, 1)
(67004, 138, 1)
(70828, 146, 1)
(75584, 156, 1)
(76045, 156, 1)
(76084, 157, 1)
(76808, 158, 1)
(84152, 173, 1)
(84441, 174, 1)
(84463, 174, 1)
(87292, 179, 1)
(85207, 175, 1)
(99430, 205, 1)
(99688, 205, 1)
(99968, 206, 1)
(96798, 199, 1)
(96848, 199, 1)
(102822, 212, 1)
(120139, 247, 1)
(120531, 248, 1)
(106769, 220, 1)
(106927, 220, 1)
(107088, 220, 1)
(107769, 222, 1)
(109665, 225, 1)
(112291, 231, 1)
(112377, 231, 1)
(133158, 274, 1)
(134702, 277, 1)
(135210, 278, 1)
(136537, 281, 1)
(136807, 281, 1)
(136854, 281, 1)
(137206, 282, 1)
(137596, 283, 1)
(137673, 283, 1)
(138031, 284, 1)
(85877, 177, 1)
(86042, 177, 1)
(86818, 178, 1)
(92317, 190, 1)
(92405, 190, 1)
(344024, 707, 1)
(344658, 708, 1)
(515689, 1060, 1)
(515905, 1060, 1)
(516044, 1060, 1)
(350126, 719, 1)
(350469, 720, 1)
(350880, 721, 1)
(350960, 721, 1)
(374399, 769, 1)
(374496, 770, 1)
(374671, 770, 1)
(377417, 776, 1)
(377587, 776, 1)
(377677, 776, 1)
(377662, 776, 1)
(394788, 811, 1)
(395064, 812, 1)
(397325, 817, 1)
(398003, 818, 1)
(398165, 818, 1)
(399451, 821, 1)
(399621, 821, 1)
(401601, 825, 1)
(402034, 826, 1)
(402140, 826, 1)
(404200, 831, 1)
(404455, 831, 1)
(404517, 831, 1)
(405139, 832, 1)
(432443, 889, 1)
(432810, 889, 1)
(433092, 890, 1)
(434756, 893, 1)
(434795, 893, 1)
(435208, 894, 1)
(436046, 896, 1)
(445160, 915, 1)
(445333, 915, 1)
(445535, 915, 1)
(445771, 916, 1)
(555285, 1141, 1)
(555684, 1142, 1)
(584355, 1201, 1)
(584412, 1201, 1)
(584770, 1201, 1)
(584808, 1202, 1)
(584900, 1202, 1)
(585047, 1202, 1)
(597045, 1227, 1)
(597520, 1227, 1)
(285959, 588, 1)
(286011, 588, 1)
(295314, 607, 1)
(295378, 607, 1)
(295506, 607, 1)
(353694, 727, 1)
(354318, 728, 1)
(354365, 728, 1)
(356873, 733, 1)
(357468, 734, 1)
(367593, 755, 1)
(367655, 756, 1)
(367746, 756, 1)
(367868, 756, 1)
(400060, 822, 1)
(402848, 828, 1)
(402835, 828, 1)
(428182, 880, 1)
(429035, 882, 1)
(429197, 882, 1)
(430700, 885, 1)
(431325, 886, 1)
(493077, 1013, 1)
(493378, 1014, 1)
(493490, 1014, 1)
(493732, 1014, 1)
(500760, 1029, 1)
(520807, 1070, 1)
(520845, 1070, 1)
(540047, 1109, 1)
(557327, 1145, 1)
(557520, 1145, 1)
(557983, 1146, 1)
(558429, 1147, 1)
(562460, 1156, 1)
(562909, 1156, 1)
(565936, 1163, 1)
(566211, 1163, 1)
(566665, 1164, 1)
(579960, 1192, 1)
(579970, 1192, 1)
(580251, 1192, 1)
(582423, 1197, 1)
(582460, 1197, 1)
(582693, 1197, 1)
(601945, 1237, 1)
(5887, 13, 1)
(6074, 13, 1)
(6088, 13, 1)
(6192, 13, 1)
(6314, 13, 1)
(6480, 14, 1)
(6851, 14, 1)
(14054, 29, 1)
(14178, 29, 1)
(17010, 35, 1)
(17079, 35, 1)
(17210, 36, 1)
(17323, 36, 1)
(17531, 36, 1)
(19884, 41, 1)
(19899, 41, 1)
(20077, 41, 1)
(17821, 37, 1)
(22613, 47, 1)
(22942, 47, 1)
(23287, 48, 1)
(23348, 48, 1)
(18633, 39, 1)
(18908, 39, 1)
(19043, 39, 1)
(19054, 39, 1)
(19261, 40, 1)
(20374, 42, 1)
(26608, 55, 1)
(26856, 55, 1)
(26978, 56, 1)
(27313, 56, 1)
(23555, 49, 1)
(24149, 50, 1)
(24249, 50, 1)
(30078, 62, 1)
(67454, 139, 1)
(67482, 139, 1)
(67857, 140, 1)
(68088, 140, 1)
(68391, 141, 1)
(68550, 141, 1)
(68650, 141, 1)
(68761, 142, 1)
(80203, 165, 1)
(80550, 166, 1)
(80589, 166, 1)
(80663, 166, 1)
(80743, 166, 1)
(87973, 181, 1)
(103519, 213, 1)
(108921, 224, 1)
(141424, 291, 1)
(141719, 291, 1)
(141835, 292, 1)
(142000, 292, 1)
(142547, 293, 1)
(612691, 1259, 1)
(48418, 100, 1)
(48445, 100, 1)
(48545, 100, 1)
(48771, 100, 1)
(156893, 323, 1)
(157238, 323, 1)
(157561, 324, 1)
(157691, 324, 1)
(185741, 382, 1)
(185941, 382, 1)
(185933, 382, 1)
(185942, 382, 1)
(207120, 426, 1)
(207194, 426, 1)
(207438, 426, 1)
(482803, 992, 1)
(482846, 992, 1)
(482852, 992, 1)
(379989, 781, 1)
(380770, 782, 1)
(380776, 782, 1)
(380818, 782, 1)
(381888, 785, 1)
(382277, 785, 1)
(382377, 786, 1)
(382796, 786, 1)
(387275, 796, 1)
(391566, 804, 1)
(407310, 837, 1)
(407334, 837, 1)
(407539, 837, 1)
(407936, 838, 1)
(451374, 927, 1)
(451602, 928, 1)
(451797, 928, 1)
(526561, 1082, 1)
(526733, 1082, 1)
(526718, 1082, 1)
(550252, 1131, 1)
(550622, 1131, 1)
(550967, 1132, 1)
(551041, 1132, 1)
(559550, 1150, 1)
(559712, 1150, 1)
(568814, 1169, 1)
(569165, 1169, 1)
(569469, 1170, 1)
(569720, 1170, 1)
(569988, 1171, 1)
(570172, 1171, 1)
(570595, 1172, 1)
